0.139566
0.53734
1.80475
1.87145
9.03969
9.06464
10.4188
10.821
10.9445
11.1293
11.8372
12.3755
17.476
17.5468
17.5983
18.0522
18.6476
19.0362
19.2046
20.3854
25.7692
26.0991
31.4307
31.6818
31.7165
32.307
33.3213
33.3879
34.0111
34.3371
36.8835
37.3071
40.8961
41.2459
42.4882
42.6126
45.0641
45.2224
45.9146
47.2912
49.3667
49.4425
49.9236
50.8801
51.0011
51.1759
51.4326
51.7962
51.8971
51.9645
52.2712
53.115
53.2367
53.3662
55.0548
55.8102
57.6279
57.7144
58.092
58.5385
59.7419
59.7609
59.8873
59.9516
60.3189
60.3452
60.3869
60.4062
60.5596
61.376
61.4561
61.5713
61.618
61.8786
61.9962
62.3814
62.5876
63.3182
63.3399
63.3905
63.3977
64.6125
65.0381
65.2082
65.2784
65.4474
65.7828
66.5764
67.1542
67.8513
68.8011
68.9514
71.1432
71.2075
71.7185
71.7314
71.7844
72.359
73.2985
73.8528
75.0952
75.3039
77.1813
77.3906
78.6824
78.9104
84.5471
85.0923
85.1296
85.1898
85.3625
85.3748
85.8767
86.5101
86.5405
86.6
87.0792
87.2536
88.2075
88.2353
98.5909
98.8356
98.8883
99.8447
109.812
110.201
110.511
111.025
114.08
114.118
115.408
115.933
116.154
116.385
116.407
116.505
117.758
117.92
117.922
118.142
118.307
118.505
123.377
123.869
124.413
124.45
124.548
125.114
125.17
126.089
126.103
126.621
127.086
127.921
128.167
128.457
128.729
128.73
128.964
129.659
129.814
130.221
130.231
130.753
131.688
131.753
131.783
132.164
132.54
132.634
140.139
141.009
141.314
141.401
146.657
147.115
147.272
147.283
148.824
150.249
152.933
153.64
153.883
154.106
154.413
155.376
155.932
157.056
159.665
160.574
161.277
161.445
161.455
161.726
162.192
162.196
162.398
162.833
163.03
163.73
163.907
164.718
164.895
165.122
165.533
165.578
165.706
166.184
166.37
167.392
168.163
168.273
168.327
168.522
168.531
168.711
169.023
169.479
175.96
177.745
178.29
178.295
178.498
178.527
178.954
179.976
180.201
180.494
180.534
180.655
180.899
181.036
181.218
181.292
182.145
182.252
182.27
182.291
182.476
182.507
182.568
182.908
182.968
183.15
183.376
183.643
185.301
185.364
185.468
185.645
196.742
196.807
196.973
197.722
198.466
199.284
212.386
213.339
220.015
220.071
226.298
226.395
228.199
228.726
228.774
229.05
232.216
232.248
232.873
232.943
233.19
233.461
233.489
233.542
233.641
234.664
235.106
235.212
236.94
237.524
244.039
244.605
244.743
245.257
246.964
247.058
247.263
247.426
247.671
247.965
249.904
250.388
251.358
251.941
252.294
252.485
254.531
254.896
256.809
257.278
257.855
258.57
264.192
264.602
272.173
272.566
273.012
273.225
274.118
274.139
274.22
274.753
274.989
275.014
287.516
288.237
290.757
291.257
295.007
295.085
300.453
301.923
306.395
307.07
307.213
307.251
307.407
307.66
307.924
308.107
308.241
308.658
316.834
316.91
316.964
317.075
324.966
325.813
325.894
326.372
326.534
327.064
327.08
327.105
327.374
327.611
330.505
330.656
330.741
330.969
331.117
331.187
331.548
331.555
331.736
332.578
332.794
333.371
333.682
334.218
339.058
339.273
344.143
344.201
349.564
349.676
354.447
354.501
362.464
362.495
367.46
368.011
371.58
372.29
378.828
379.693
379.932
380.404
380.812
380.853
385.106
385.211
385.818
385.897
388.739
388.784
389.023
389.121
389.838
390.492
390.726
391.192
391.262
391.442
391.479
391.645
391.885
392.872
392.976
393.401
393.655
393.808
394.149
394.264
394.424
394.539
394.7
395.164
395.263
395.802
396.933
397.13
409.961
410.13
410.785
410.818
411.007
411.294
413.316
413.544
416.065
416.885
416.914
417.153
417.457
417.504
418.727
418.762
422.379
422.59
427.355
427.934
427.948
428.658
429.035
429.112
431.728
431.818
436.993
438.604
440.186
440.51
440.801
440.83
440.963
441.062
441.086
441.643
446.951
447.632
455.464
456.232
456.626
456.788
457.356
457.389
457.817
458.149
460.97
461.225
467.651
467.884
473.948
474.291
474.869
474.95
484.795
485.474
488.712
488.903
488.922
489.449
499.637
499.858
499.938
500.53
500.551
500.566
500.941
501.073
501.198
502.175
502.434
502.444
502.612
502.754
502.928
503.196
511.509
511.519
511.586
512.2
512.966
512.987
513.186
513.438
519.125
519.386
519.944
521.173
522.102
522.599
533.212
533.734
535.006
535.414
540.055
540.131
543.243
543.275
543.321
543.616
544.115
544.61
549.45
549.627
551.709
552.014
560.756
561.141
561.167
561.215
561.411
561.557
563.07
563.499
563.6
563.707
564.329
564.484
564.499
564.76
565.237
565.724
566.078
567.66
570.013
570.093
570.186
570.604
570.869
571.267
580.832
582.188
585.099
585.263
589.819
589.961
590.022
590.187
591.411
592.565
594.517
595.55
596.931
597.359
597.683
597.726
599.563
600.246
600.403
600.483
610.251
610.292
611.537
612.234
612.781
612.929
614.119
614.245
620.023
620.686
621.381
621.909
621.968
622.032
622.322
622.372
623.723
624.129
624.992
625.044
625.365
625.369
625.544
625.69
625.708
625.718
626.15
626.405
626.492
626.831
634.845
634.866
641.507
642.125
643.453
644.309
644.808
644.914
649.637
650.014
657.351
657.789
661.447
662.136
662.48
663.218
663.496
664.988
665.912
666.071
666.122
666.329
666.338
666.861
668.583
668.747
668.874
669.554
669.676
669.787
670.51
671.272
671.45
671.824
672.148
672.336
673.043
673.082
673.337
673.503
673.577
673.827
691.586
691.715
691.962
692.888
700.367
700.508
700.711
701.543
701.926
702.212
702.217
702.399
709.801
710.482
711.904
712.353
721.154
721.463
728.6
728.752
728.837
729.02
729.143
729.935
730.534
730.87
731.15
731.338
736.526
736.542
736.576
737.229
739.866
740.44
740.472
740.951
741.442
741.865
742.102
742.314
742.399
742.541
746.963
747.384
747.764
747.892
748.068
748.196
748.278
748.5
748.631
748.885
749.01
749.111
749.177
749.544
750.052
750.547
750.691
750.729
754.828
755.074
758.215
758.534
760.118
760.383
760.438
761.327
763.639
763.683
764.017
764.402
765.138
765.185
765.271
765.623
765.632
766.31
766.402
766.596
767.187
768.239
773.323
773.786
775.785
776.1
776.545
777.206
777.268
777.276
777.927
778.681
778.938
779.006
779.423
779.692
779.903
780.951
781.833
782.685
782.895
783.068
788.459
788.813
796.937
797.041
797.154
797.449
797.674
798.14
799.021
799.179
799.391
799.774
799.863
800.544
801.259
801.638
802.285
802.446
803
803.155
803.339
803.576
804.64
804.802
804.918
805.037
805.076
805.79
806.673
806.804
807.946
808.145
808.3
808.347
808.585
808.801
808.869
809.863
810.335
810.802
814.012
814.618
814.871
814.98
815.456
815.74
816.431
816.646
817.68
817.969
817.973
818.081
818.834
818.907
830.225
830.425
830.538
830.624
831.023
831.179
836.75
837.096
839.461
839.484
844.083
844.423
844.741
844.924
845.232
845.314
845.868
846.274
846.296
846.33
846.891
846.926
846.927
847.21
849.037
849.399
849.609
849.814
849.905
850.049
851.015
851.173
855.169
855.54
855.603
856
856.1
856.101
864.008
864.195
864.55
864.761
875.351
875.527
879.592
879.806
881.933
882.146
883.204
883.475
886.309
886.456
891.936
891.941
895.716
896.572
900.077
900.185
903.156
903.684
903.749
903.879
904.662
904.713
911.411
912.056
912.699
913.371
913.607
913.756
914.142
914.26
915.27
915.331
915.417
915.542
919.078
919.201
919.24
919.272
926.224
926.319
926.722
926.825
927.116
927.338
927.499
927.592
927.775
927.975
927.994
928.036
928.116
929.338
934.126
934.505
934.77
934.933
936.128
936.14
936.408
936.751
937.556
937.85
941.008
942.072
942.576
942.866
943.002
943.297
943.317
943.402
943.433
943.82
944.171
944.355
944.647
944.725
945.022
945.443
946.716
946.997
947.36
947.952
948.09
948.472
948.75
949.026
949.121
949.758
950.395
950.632
950.779
950.792
950.918
950.97
950.998
951.064
951.161
952.097
953.038
953.399
953.602
954.717
954.728
955.161
955.422
955.541
955.566
955.596
955.742
956.118
956.23
956.384
957.058
957.137
957.577
957.979
958.236
958.271
958.436
958.455
958.549
958.637
958.85
958.96
962.992
963.329
964.093
964.895
965.095
965.224
965.881
965.934
966.295
966.657
968.291
968.3
968.64
968.853
969.193
969.573
972.006
972.157
972.188
972.779
976.334
976.389
979.739
980.27
980.7
980.805
981.164
981.387
981.855
981.898
982.232
982.325
982.434
982.752
983.064
983.152
983.951
984.116
984.471
984.69
985.234
985.489
985.835
986.16
986.286
986.4
1001.38
1001.78
1013.5
1013.66
1013.71
1013.86
1014.18
1014.82
1015.52
1015.67
1022.67
1023.03
1031.9
1032.12
1037.47
1037.91
1037.92
1038.26
1038.79
1039.37
1039.37
1039.38
1039.77
1039.87
1040.04
1041.27
1042.65
1042.9
1047.34
1047.61
1051.52
1052.12
1053.99
1054.21
1054.45
1054.55
1054.77
1054.77
1054.79
1054.92
1055.03
1055.21
1055.32
1055.59
1055.61
1055.69
1055.75
1056.08
1056.15
1057.26
1057.5
1057.95
1061.79
1061.9
1063.3
1063.45
1071.61
1071.77
1075.1
1075.25
1075.63
1076.57
1076.71
1077.01
1081.99
1082.08
1115.3
1115.59
1115.65
1115.77
1122.64
1123.28
1127.42
1127.71
1127.74
1127.79
1127.94
1128
1129.63
1130.93
1139.89
1139.99
1140.02
1140.08
1140.69
1140.97
1141.06
1141.24
1141.43
1141.45
1141.66
1142.3
1143.72
1143.82
1143.93
1144
1144.14
1144.45
1151.83
1151.89
1152.91
1152.93
1154.31
1154.39
1154.41
1154.56
1154.66
1154.79
1155.05
1155.1
1155.24
1155.77
1156.07
1156.21
1156.26
1156.51
1156.91
1157.13
1157.31
1157.46
1157.72
1157.84
1157.89
1159.39
1159.6
1160.19
1160.32
1160.48
1162.91
1163.01
1165.88
1166.18
1166.99
1167.1
1172.41
1173.08
1173.88
1174.56
1174.66
1174.85
1175.83
1175.94
1181.27
1181.94
1181.95
1182.3
1182.56
1182.63
1182.77
1183.81
1183.97
1184.19
1184.2
1184.65
1184.9
1185
1186.55
1186.66
1186.88
1187.84
1190.8
1191.2
1191.57
1192.09
1195.15
1195.26
1198.78
1199.11
1199.44
1200.14
1200.36
1200.56
1200.71
1200.99
1202.81
1202.88
1203
1203.05
1206.87
1207.15
1208.24
1208.86
1209.12
1209.32
1209.69
1209.73
1209.94
1209.98
1210.45
1210.59
1210.64
1211.12
1211.63
1212.02
1215.71
1216.05
1216.08
1216.2
1216.9
1217.41
1217.58
1217.67
1218.05
1218.08
1231.82
1232.45
1232.5
1232.77
1232.85
1233.45
1233.52
1234.07
1234.55
1234.61
1234.81
1235.07
1235.27
1235.61
1236.1
1236.74
1236.95
1237.14
1237.28
1237.32
1237.88
1237.89
1237.96
1238.3
1238.44
1238.49
1238.56
1239.31
1239.31
1239.48
1239.52
1239.73
1243.33
1243.33
1244.71
1245.59
1246
1246.25
1252.77
1252.93
1253.45
1253.67
1254.05
1254.14
1254.19
1254.2
1254.82
1254.98
1255.08
1256.02
1257.01
1257.59
1257.62
1258.09
1258.91
1258.91
1259.1
1259.45
1261.51
1261.72
1261.91
1262
1263.21
1263.24
1263.77
1264.06
1264.64
1265.31
1265.56
1265.91
1266.32
1266.55
1266.74
1266.75
1266.91
1266.96
1267.48
1267.55
1267.72
1267.72
1267.96
1268.01
1268.2
1268.44
1268.47
1268.94
1269.26
1269.64
1269.83
1269.98
1270.2
1270.98
1271.34
1271.38
1274.8
1274.96
1275.04
1276.49
1276.53
1276.74
1276.98
1277.3
1278.24
1278.58
1278.8
1279.3
1279.39
1279.55
1279.69
1279.71
1279.74
1280.74
1280.89
1280.97
1283.1
1283.44
1283.67
1284.16
1284.45
1284.9
1284.95
1285.36
1285.96
1286.22
1286.62
1287.03
1287.29
1287.51
1287.54
1288.46
1298.88
1299.1
1303.16
1303.18
1303.33
1303.7
1304.16
1304.72
1305.16
1305.38
1305.59
1305.62
1305.62
1305.64
1308.44
1308.59
1310.95
1311.93
1317.21
1317.38
1317.65
1317.68
1317.79
1317.89
1318.47
1318.73
1318.81
1318.83
1319.18
1319.78
1319.93
1320.16
1320.47
1320.64
1320.99
1321.31
1321.78
1321.93
1324.68
1324.94
1325.16
1325.29
1332.68
1332.86
1333.16
1333.36
1334.32
1334.45
1334.66
1334.75
1337.77
1337.79
1340.31
1340.68
1343.85
1345.23
1350.57
1351.13
1353.91
1354.06
1357.99
1358.09
1364.47
1365.14
1388.64
1388.74
1389.21
1389.3
1391.87
1392.37
1400.26
1400.37
1400.42
1400.7
1411.46
1411.59
1412.05
1412.1
1412.41
1412.66
1412.69
1413.55
1413.73
1414.73
1414.74
1415.23
1415.23
1415.27
1415.36
1415.36
1415.41
1415.47
1415.61
1415.63
1416.02
1416.13
1416.31
1416.33
1416.37
1416.55
1416.6
1416.64
1416.79
1417.15
1417.31
1418.4
1422.32
1422.87
1426.4
1426.56
1427.71
1428.02
1428.83
1429.33
1429.53
1429.73
1432.51
1432.92
1437.12
1437.51
1437.53
1437.89
1437.94
1438
1439.83
1439.92
1440.59
1441.59
1441.62
1441.92
1442.38
1442.44
1443.18
1443.21
1444.28
1444.46
1444.92
1445.33
1445.44
1445.58
1458.07
1458.45
1459.05
1459.32
1459.59
1459.66
1460.82
1461.07
1461.26
1461.34
1461.93
1462.01
1462.39
1462.72
1462.76
1462.87
1463.54
1463.95
1464.23
1464.51
1466.98
1467.84
1476.87
1477.02
1478.38
1479.06
1479.18
1479.43
1479.46
1479.48
1480.29
1480.78
1480.92
1481.44
1484.34
1484.77
1484.91
1486.83
1490.52
1490.57
1494
1494.66
1495.45
1496.62
1498.98
1499.16
1499.23
1499.5
1499.75
1499.77
1500.37
1500.64
1500.74
1501.25
1501.49
1501.69
1501.69
1501.99
1502.64
1504.28
1504.29
1504.29
1504.63
1505.21
1505.74
1506.67
1507.27
1507.68
1510.24
1510.28
1518.14
1518.43
1520.02
1520.06
1520.1
1520.1
1520.31
1521.18
1521.8
1522.98
1523.31
1523.33
1523.5
1523.6
1523.65
1523.78
1523.92
1524.18
1529.94
1529.97
1530.19
1530.53
1531.01
1531.17
1531.31
1531.68
1533.74
1534.13
1538.1
1538.7
1541.22
1541.28
1547.73
1547.75
1547.92
1548.42
1551.56
1551.94
1562.49
1562.9
1564.39
1565.19
1566.46
1566.52
1567.54
1567.97
1569.01
1569.01
1575.6
1575.8
1577.51
1578.54
1578.94
1580.22
1580.41
1580.76
1580.93
1581.97
1582.59
1583.07
1583.23
1583.33
1583.63
1583.84
1584.22
1584.25
1584.52
1585.5
1586.25
1586.37
1586.47
1586.48
1586.95
1587.12
1587.25
1587.27
1593.73
1593.77
1595.92
1596.39
1596.56
1597.58
1597.85
1598.15
1598.6
1598.73
1604.88
1604.95
1605.13
1605.93
1608.72
1609.11
1609.15
1609.55
1609.89
1609.93
1609.99
1610.09
1610.66
1610.87
1611.96
1612.59
1616.44
1617.11
1618.7
1618.79
1621.46
1623.08
1628.79
1628.9
1629.14
1629.28
1630.03
1630.05
1637.18
1637.34
1638.81
1638.91
1643.82
1643.83
1643.99
1644.87
1645.01
1645.04
1646.6
1647.54
1647.89
1647.89
1648.24
1648.25
1649.44
1650.54
1651.34
1651.38
1651.38
1651.48
1651.82
1652.73
1652.8
1653
1653.22
1653.45
1653.68
1654.16
1654.26
1654.43
1654.44
1654.59
1654.79
1656.39
1656.59
1656.65
1657.23
1657.24
1658.58
1658.67
1659.83
1660.6
1661.39
1661.84
1662.19
1662.42
1662.8
1662.81
1663.16
1663.37
1663.4
1663.59
1663.68
1663.8
1664.31
1664.38
1666.21
1666.71
1668.96
1669.22
1669.56
1670.01
1670.24
1670.78
1671.25
1671.96
1674.72
1675.47
1682.02
1682.87
1683.01
1683.29
1683.67
1683.73
1688.06
1688.28
1688.62
1688.76
1689.33
1691.01
1694.43
1694.54
1699.24
1699.29
1699.36
1699.47
1699.63
1700.79
1701.23
1701.34
1709.68
1709.82
1710.12
1710.66
1725.81
1726.52
1727.38
1727.84
1729.07
1729.08
1731.42
1731.53
1731.7
1732.08
1732.21
1732.23
1733.35
1733.95
1734.31
1734.71
1735.21
1735.44
1735.79
1735.88
1736.06
1736.46
1737.04
1737.31
1740.96
1742.14
1742.34
1742.53
1742.87
1743.1
1745.01
1745.14
1747.87
1748.43
1749.13
1749.52
1749.61
1750.29
1750.76
1751.27
1751.5
1751.53
1751.73
1751.87
1753.2
1753.4
1753.68
1753.72
1754.14
1754.4
1754.83
1754.98
1755.11
1755.14
1755.53
1755.73
1760.32
1761.11
1761.82
1761.87
1763.85
1764.49
1773.32
1773.45
1783.42
1783.53
1785.87
1785.94
1786.02
1786.44
1801.64
1801.71
1806.43
1806.57
1807.23
1807.29
1810.27
1811.93
1812.02
1812.44
1813.72
1813.86
1816.77
1817.17
1817.94
1818.05
1818.27
1818.74
1818.85
1818.95
1820.09
1820.18
1820.49
1820.53
1828.56
1828.76
1828.78
1829.07
1832.27
1832.36
1832.51
1832.78
1833.32
1833.34
1834.41
1834.84
1836.77
1836.96
1837.43
1837.63
1838.34
1838.73
1839.67
1839.74
1851.23
1851.44
1859.05
1859.19
1859.63
1859.97
1860.51
1860.95
1861
1861.21
1861.22
1861.31
1864.21
1865.21
1872.45
1873.03
1874.49
1874.57
1874.89
1875.08
1876.71
1877.86
1878.77
1879.4
1879.68
1879.74
1883.95
1884.02
1884.28
1884.95
1885.03
1885.03
1885.3
1885.36
1885.67
1885.92
1886.02
1886.1
1886.3
1886.38
1888.08
1888.47
1888.88
1889.15
1896.26
1896.69
1901.57
1902.13
1906.04
1906.05
1906.2
1906.48
1906.63
1906.87
1907.09
1907.35
1907.43
1907.49
1909.16
1909.74
1916.39
1916.6
1922.92
1923.68
1923.7
1925.15
1925.33
1925.51
1930.27
1930.61
1938.56
1938.63
1938.78
1939.2
1939.21
1939.31
1939.66
1939.71
1939.82
1940.29
1942.43
1942.59
1947.43
1948.47
1948.58
1948.86
1956.36
1956.48
1956.75
1956.95
1958.57
1959.12
1959.74
1959.79
1960.73
1960.82
1960.84
1961.12
1961.36
1962.23
1962.33
1962.48
1962.77
1963.02
1963.27
1963.29
1963.33
1963.69
1967.82
1967.97
1968.66
1968.85
1970.35
1971.18
1971.64
1971.99
1973.4
1973.42
1973.47
1973.63
1976.5
1976.9
1977.26
1977.97
1978.63
1978.95
1978.96
1979.04
1979.71
1979.84
1979.94
1980.12
1982.02
1982.32
1982.49
1982.85
1982.93
1983.43
1985.82
1985.97
1986.01
1986.03
1986.51
1986.77
1998.75
1999.06
2001.21
2001.62
2002.15
2003.41
2011.76
2012.24
2013.53
2013.59
2016.06
2016.7
2028.11
2029.29
2029.55
2029.77
2030.2
2030.36
2030.39
2030.48
2030.67
2030.84
2031.29
2031.82
2033.16
2033.37
2034.92
2034.96
2036.88
2037.07
2037.76
2037.87
2042.41
2042.74
2042.77
2043.38
2043.84
2043.9
2044.99
2045.67
2045.82
2046.15
2046.37
2046.4
2046.46
2046.47
2047.76
2047.92
2051.03
2051.41
2059.77
2059.85
2062.09
2062.16
2064.03
2064.65
2064.79
2064.89
2068.02
2068.12
2068.76
2070.11
2079.31
2079.39
2083.09
2083.31
2091.68
2091.8
2092.24
2092.83
2092.95
2092.96
2093.12
2093.24
2093.41
2093.89
2094.37
2094.5
2094.5
2094.9
2099.95
2100.45
2103.85
2104.82
2105.21
2105.5
2105.96
2106.25
2107.88
2108.29
2109.46
2109.72
2111.71
2112.55
2114.44
2114.96
2115.72
2116.12
2119.09
2119.63
2120.14
2120.45
2120.78
2121.04
2121.05
2121.38
2126.57
2127.42
2127.77
2128.26
2129.52
2130.18
2130.41
2130.55
2136.71
2136.95
2138.3
2138.64
2139.95
2140.45
2140.82
2142.36
2143.72
2144.43
2148.03
2148.29
2163.46
2163.67
2169.38
2170.02
2176.78
2176.8
2177.61
2177.73
2177.9
2177.9
2178.15
2178.27
2178.44
2178.61
2178.71
2179
2179.32
2179.41
2179.98
2180.01
2180.03
2180.29
2180.89
2181
2182.67
2182.9
2189.36
2189.47
2190.56
2190.7
2190.97
2191.07
2191.49
2191.76
2199.54
2199.91
2201.67
2201.86
2201.88
2201.88
2202.15
2202.52
2202.63
2203.09
2203.63
2203.77
2204.11
2204.65
2204.7
2205.09
2205.88
2205.94
2205.99
2206.2
2206.49
2207.59
2209.57
2209.99
2210.06
2211.86
2212.14
2212.28
2212.73
2212.74
2212.8
2212.9
2213.36
2214.34
2216.28
2216.38
2216.55
2217.26
2230.52
2230.58
2230.71
2230.93
2232.14
2232.74
2244.06
2244.37
2248.2
2248.55
2256.45
2256.73
2257.11
2257.7
2257.71
2259.2
2259.28
2259.43
2260.89
2261.82
2265.44
2265.8
2267.68
2267.81
2267.85
2268.11
2268.34
2268.78
2269.05
2269.14
2269.68
2270.49
2271.03
2271.17
2271.49
2271.58
2285.05
2285.1
2290.8
2291.19
2295.37
2295.47
2298.13
2299.01
2299.32
2299.71
2299.74
2299.83
2300.52
2300.86
2301
2301.01
2301.81
2301.82
2302.43
2302.47
2302.8
2303.56
2303.9
2304.1
2312.14
2312.27
2312.53
2312.67
2314.07
2314.62
2315.35
2316.03
2316.89
2316.99
2317
2317.2
2317.5
2317.77
2317.82
2319.14
2319.24
2319.95
2320.01
2320.37
2321.78
2322.15
2330.96
2331.18
2331.49
2331.51
2331.56
2331.57
2332.06
2332.09
2332.39
2333.5
2334.2
2334.47
2334.61
2334.98
2335.81
2337.28
2338.78
2339.69
2345.75
2346.06
2346.37
2346.56
2346.79
2347.15
2347.17
2347.32
2347.39
2347.91
2348.6
2348.61
2349.24
2350.16
2350.28
2350.64
2350.91
2350.99
2351.76
2352.05
2352.13
2352.23
2352.86
2354.03
2354.92
2355.18
2355.61
2355.82
2355.99
2356.21
2356.22
2356.46
2359.57
2360.21
2360.39
2360.62
2361.13
2361.29
2361.58
2361.8
2363.51
2363.89
2368.09
2368.13
2370.11
2370.14
2370.82
2371.25
2371.41
2372.45
2376.05
2376.33
2384.54
2384.6
2387.52
2387.66
2387.67
2388.7
2405.97
2406.08
2406.31
2406.52
2406.59
2407.07
2407.1
2408.13
2408.16
2408.3
2413.68
2414.73
2415.08
2415.47
2415.84
2416
2416.07
2416.26
2416.33
2416.94
2419.52
2419.84
2419.99
2420.63
2420.7
2421.81
2422.59
2422.67
2422.82
2422.82
2423.12
2424.43
2424.44
2424.98
2424.99
2425.64
2427.25
2427.3
2429.69
2429.94
2433.91
2433.94
2434.67
2434.73
2435.95
2436.16
2436.36
2436.76
2442.57
2442.57
2447.22
2447.3
2447.93
2448.56
2448.78
2448.91
2449.8
2449.83
2449.87
2450.38
2450.48
2450.55
2450.78
2451.01
2451.13
2451.38
2452.07
2452.15
2452.33
2452.33
2452.41
2452.66
2452.66
2452.87
2452.97
2453.21
2467.27
2467.28
2467.3
2467.76
2467.8
2468.12
2468.74
2469.9
2473.34
2473.71
2473.76
2476.1
2476.22
2476.3
2476.33
2476.84
2477.45
2478.03
2480.73
2480.79
2492.08
2492.68
2495.83
2496.14
2497.15
2497.48
2497.86
2498.22
2499.01
2499.89
2499.91
2500.06
2500.58
2500.72
2501.49
2501.73
2501.8
2502.13
2507.7
2507.79
2507.88
2508.4
2508.64
2508.64
2508.88
2509.16
2509.21
2509.51
2510.05
2510.49
2510.63
2510.66
2510.7
2510.75
2518.64
2518.66
2519.08
2519.1
2519.57
2520.02
2520.12
2520.74
2521.35
2521.63
2521.66
2522.77
2522.98
2523.74
2523.78
2524
2528.34
2528.36
2529.04
2529.14
2529.29
2529.46
2529.48
2529.49
2529.52
2529.56
2529.88
2529.89
2529.96
2530.07
2532.1
2532.13
2532.4
2532.45
2533.26
2533.62
2533.65
2533.66
2533.84
2534.59
2534.68
2534.98
2535.24
2535.33
2535.98
2536.06
2536.37
2536.9
2539.38
2539.47
2539.49
2539.85
2541.08
2541.17
2541.32
2541.34
2544.39
2544.75
2557.49
2557.92
2562.11
2562.64
2563.25
2564.03
2564.12
2564.42
2568.15
2569.44
2569.84
2570.5
2570.61
2571.26
2572.03
2572.1
2572.33
2572.37
2577.37
2577.46
2587.46
2588
2592.15
2592.41
2594.32
2594.78
2595.82
2596.03
2596.15
2596.23
2596.93
2596.99
2597
2597.25
2597.26
2597.61
2597.69
2597.99
2599.38
2599.64
2600.67
2602.21
2602.53
2603.08
2608.63
2609.14
2611.21
2611.33
2612.49
2612.5
2612.5
2612.83
2614.3
2614.42
2614.61
2615.6
2615.61
2615.75
2615.99
2616.05
2616.18
2616.19
2616.37
2616.81
2617.03
2617.16
2617.57
2617.86
2618.19
2618.4
2618.83
2619.77
2619.94
2619.99
2620.27
2620.43
2620.55
2621.32
2629.96
2630.05
2630.3
2630.33
2630.56
2631.07
2631.32
2631.56
2634.47
2634.67
2634.74
2635.19
2643.51
2643.56
2645.62
2645.66
2646.54
2646.55
2649.18
2649.98
2653.35
2653.81
2654.64
2654.85
2661.76
2661.97
2662.86
2663.33
2670.17
2670.18
2678.1
2678.61
2678.65
2679.17
2679.74
2679.94
2680.11
2680.22
2689.07
2689.34
2695
2695.49
2696.37
2696.38
2706.11
2706.21
2710.6
2710.67
2710.83
2711.08
2711.09
2711.18
2711.44
2711.69
2715.81
2716.62
2721.07
2721.28
2722.71
2723.94
2730.54
2730.8
2730.86
2732.07
2732.27
2733.53
2735.27
2735.7
2735.86
2736.58
2736.72
2736.83
2740.26
2740.89
2741.68
2742.04
2742.37
2742.4
2742.81
2742.94
2743.29
2743.53
2744.09
2744.32
2745.1
2745.12
2745.14
2745.14
2745.39
2746.43
2746.7
2746.74
2746.77
2746.78
2747.53
2747.87
2748.26
2749.07
2760.66
2760.85
2760.92
2760.98
2761.03
2761.19
2761.47
2761.71
2765.3
2765.38
2770.16
2770.18
2772.41
2772.69
2773.42
2773.65
2773.67
2774.41
2777.85
2778.99
2779.32
2779.5
2780.34
2780.44
2781.42
2781.9
2785.94
2785.97
2790.08
2790.3
2790.41
2791.21
2792.48
2792.77
2792.79
2792.81
2793.8
2793.93
2793.95
2794.3
2798.67
2798.77
2799.31
2799.53
2800.04
2800.28
2800.75
2800.86
2801.63
2801.78
2802.34
2802.39
2802.93
2803.04
2803.24
2803.36
2803.57
2803.98
2804.14
2804.36
2804.38
2805.02
2805.41
2805.56
2805.94
2806.14
2806.37
2806.4
2806.57
2807.02
2808.33
2808.66
2810.59
2811.38
2822.54
2823.14
2823.27
2823.6
2824.33
2824.47
2825.44
2825.53
2825.79
2826.02
2827.22
2827.68
2835.55
2836.16
2837.44
2837.56
2837.92
2838.55
2843.35
2843.65
2843.88
2844.19
2845.28
2845.42
2848.43
2848.53
2849.01
2849.06
2854.24
2854.6
2857.55
2857.59
2857.71
2857.88
2857.93
2857.99
2858.11
2858.23
2858.37
2858.37
2858.48
2859.37
2867.09
2867.34
2867.61
2867.67
2868.01
2868.08
2870.14
2870.48
2871.07
2871.09
2871.24
2871.47
2871.78
2871.97
2872.38
2872.92
2884.96
2885.02
2889.22
2890.04
2890.06
2890.3
2890.43
2890.62
2890.69
2890.78
2891.12
2891.16
2891.5
2891.97
2892.7
2893.03
2894.52
2894.56
2894.73
2894.8
2899.03
2899.08
2899.1
2899.18
2902.16
2902.22
2902.35
2902.45
2903.07
2903.11
2903.18
2903.27
2903.87
2905.02
2914.78
2915.07
2922.12
2922.8
2923.94
2923.97
2924.03
2924.19
2924.9
2925.01
2925.7
2925.92
2926.23
2926.34
2929.68
2930.32
2930.69
2930.81
2931.5
2931.61
2932
2932.1
2932.89
2933.02
2942.2
2942.31
2943.21
2943.6
2948.77
2948.79
2956.06
2956.89
2958.93
2959.66
2961.6
2961.61
2972.69
2972.86
2985.52
2985.84
2986.04
2986.16
2993.55
2994.22
2994.98
2995.04
2995.34
2995.36
2995.88
2996.3
2996.39
2996.73
2996.78
2997.4
3000
3000.2
3000.74
3001.74
3007.41
3008.39
3008.77
3008.96
3014.94
3014.97
3015.14
3015.38
3016.62
3017.24
3017.54
3018.07
3018.5
3018.57
3020.36
3020.78
3025.05
3025.08
3025.98
3026.33
3026.43
3026.48
3026.52
3027.34
3027.79
3027.91
3032.7
3032.71
3032.96
3033.27
3033.28
3033.9
3041.44
3042.07
3043.5
3044.52
3049.91
3050.85
3051.31
3051.65
3051.76
3052.47
3052.52
3052.6
3052.92
3053.47
3053.88
3054.12
3055.2
3055.57
3055.63
3055.81
3056.37
3056.57
3056.6
3056.68
3057.02
3057.06
3057.09
3057.21
3057.33
3057.49
3057.68
3058.07
3062.05
3062.09
3066.95
3067.29
3067.95
3068.08
3068.11
3068.26
3068.5
3069
3069.11
3069.18
3069.77
3069.79
3071.02
3071.05
3075.33
3075.51
3075.65
3076.02
3076.19
3076.2
3085.84
3085.91
3086.21
3086.98
3089.43
3090.35
3092.07
3092.25
3098.76
3098.89
3104.67
3105.07
3107.13
3107.39
3108.23
3108.58
3108.84
3108.92
3110.95
3111.18
3114.63
3115.48
3116.06
3116.07
3117.49
3118.03
3118.6
3119.11
3119.77
3120.4
3120.64
3120.89
3121.28
3121.61
3121.62
3121.67
3128.79
3129.19
3130.01
3130.12
3130.22
3130.36
3132.62
3132.7
3146.56
3146.57
3148.12
3148.77
3149.28
3149.36
3149.76
3149.82
3151.87
3152.31
3152.41
3152.72
3153.88
3154.04
3154.11
3154.36
3155.85
3156.25
3156.37
3156.48
3156.71
3156.76
3156.9
3158.65
3158.74
3159.16
3159.18
3159.43
3159.72
3160.18
3160.33
3160.38
3160.57
3160.69
3161.32
3161.55
3167.97
3168.1
3169.76
3169.91
3175.4
3175.49
3175.61
3176.45
3176.68
3176.91
3177.16
3179.21
3179.71
3179.87
3180.37
3180.38
3180.76
3180.91
3181.33
3181.44
3181.85
3181.96
3186.38
3186.76
3187.41
3187.8
3187.89
3187.9
3187.96
3188.05
3188.07
3188.07
3188.19
3188.43
3188.45
3189.04
3192.09
3192.1
3192.15
3192.29
3192.38
3193.84
3195.68
3195.98
3198.97
3199.42
3199.67
3199.96
3199.99
3201.27
3214.2
3214.23
3214.73
3215.18
3215.62
3215.64
3220.09
3220.41
3220.43
3220.66
3224.49
3224.58
3226.63
3226.93
3227.26
3227.59
3227.6
3227.97
3236.52
3236.81
3237.12
3237.48
3238.37
3238.42
3241.33
3241.63
3243.55
3243.74
3243.87
3244.34
3244.76
3244.88
3249.46
3249.65
3249.81
3250.13
3254.74
3255.22
3255.26
3255.51
3256.05
3256.13
3256.31
3257.07
3258.99
3259.19
3263.61
3264.53
3264.65
3264.72
3264.8
3264.88
3264.94
3264.98
3268.33
3268.42
3268.58
3270.08
3271.86
3272.5
3278.13
3278.71
3284.49
3284.54
3284.73
3285.06
3287.64
3287.94
3298.88
3299.03
3302.55
3303.07
3303.2
3303.24
3303.44
3303.45
3304.12
3304.15
3304.53
3304.68
3307.94
3307.95
3308.18
3308.6
3308.6
3308.67
3308.76
3309.25
3314.15
3314.78
3315.27
3315.61
3316.97
3317.36
3317.59
3318.58
3318.62
3319.04
3319.36
3320.26
3321.42
3321.47
3321.69
3321.79
3322.2
3322.29
3322.52
3322.79
3323.12
3323.19
3326.42
3327.05
3327.08
3327.14
3327.71
3327.79
3327.85
3327.96
3327.99
3328.1
3328.32
3329.17
3329.73
3329.8
3333.1
3333.24
3333.31
3333.45
3333.54
3333.58
3336.13
3336.34
3337.87
3338.06
3340.02
3340.25
3348.11
3348.32
3349.08
3349.31
3352.92
3353.09
3356.61
3356.63
3376.59
3376.73
3377.09
3377.88
3380.46
3380.81
3395.63
3395.91
3396.51
3396.81
3396.97
3397.47
3398.08
3398.27
3398.94
3399.04
3400.34
3400.6
3400.75
3400.88
3401.06
3401.15
3401.51
3401.63
3404.82
3404.94
3405.02
3405.18
3405.66
3406.06
3406.5
3406.51
3406.66
3407.31
3407.59
3407.93
3409.4
3410.21
3410.73
3410.74
3416.01
3416.07
3416.28
3417.12
3417.48
3417.6
3418.22
3418.27
3426.2
3427.32
3427.47
3428.06
3430.03
3430.72
3437.47
3437.66
3437.96
3438.12
3438.13
3438.34
3438.59
3438.79
3439.43
3439.63
3440.33
3440.74
3440.76
3440.78
3443.57
3443.7
3445.05
3445.43
3448.08
3448.3
3451
3451.23
3454.12
3454.72
3458.2
3458.78
3462.77
3462.9
3464.01
3464.62
3464.74
3464.82
3465.05
3465.53
3465.56
3465.79
3465.84
3466.23
3470.54
3470.76
3470.82
3470.88
3471.17
3471.31
3482.47
3483.51
3483.73
3483.74
3485.43
3485.77
3491.27
3491.39
3492.4
3492.4
3492.47
3492.9
3494.57
3495
3495.41
3495.68
3495.98
3496.65
3496.81
3496.89
3498.86
3499.15
3499.48
3499.55
3500.82
3501.08
3501.11
3501.27
3506.54
3506.9
3509.41
3509.86
3514.32
3514.92
3519.91
3519.93
3520.32
3521.17
3528.83
3529.08
3529.33
3529.44
3530.34
3530.39
3530.91
3531.96
3532.07
3532.31
3532.41
3532.7
3532.95
3533.4
3533.86
3533.99
3534.55
3534.58
3534.87
3534.94
3536.02
3536.56
3538.6
3538.97
3539.5
3539.53
3543.75
3544.29
3544.76
3545.25
3546.42
3546.5
3546.56
3546.65
3546.93
3547.21
3547.23
3547.54
3547.69
3547.81
3548.82
3549.37
3549.39
3550.68
3550.76
3550.79
3553.99
3554.84
3555.53
3555.94
3559.62
3559.76
3560.58
3560.81
3561.09
3561.26
3562.16
3562.31
3562.55
3562.7
3564.8
3564.82
3572.06
3572.27
3572.31
3572.43
3573.55
3573.64
3579.69
3580.6
3583.37
3583.39
3584.15
3584.48
3589.59
3590.16
3590.82
3591.71
3591.96
3592.47
3594.55
3594.6
3594.69
3594.83
3600.08
3600.64
3600.64
3600.9
3609.85
3610.25
3611.07
3611.6
3611.62
3611.99
3612.12
3612.13
3619.57
3620.12
3622.94
3623.11
3623.26
3623.79
3624.49
3625.24
3625.26
3625.44
3626.69
3626.85
3627.52
3627.97
3631.34
3631.43
3631.54
3631.66
3636.96
3637.46
3641.29
3641.38
3641.41
3641.42
3646.16
3646.18
3646.19
3646.37
3646.41
3646.58
3646.66
3647.72
3647.75
3647.77
3648.33
3648.59
3648.96
3649.56
3649.66
3649.98
3650
3650.08
3650.67
3650.89
3652.4
3653
3654.28
3654.57
3654.69
3654.74
3655.01
3655.33
3660.73
3661.29
3661.65
3661.83
3662.61
3663.26
3663.31
3663.35
3663.46
3663.5
3663.62
3664.06
3668.26
3668.31
3668.6
3668.83
3669.21
3669.57
3669.91
3669.94
3669.95
3670.02
3670.7
3670.74
3670.84
3670.91
3671
3671.22
3674.49
3674.68
3674.96
3675.44
3676.69
3677.35
3685.58
3685.74
3686.21
3686.64
3688.23
3688.67
3689.55
3689.8
3689.84
3690.83
3692.52
3692.75
3695.77
3695.78
3696.17
3696.19
3697.7
3697.96
3700.7
3700.75
3701.32
3701.9
3702.51
3702.96
3703.59
3703.95
3707.65
3707.67
3707.98
3708.14
3708.69
3709.13
3710.83
3711.06
3724.09
3724.26
3724.98
3725.89
3726.1
3726.86
3727.43
3727.54
3727.91
3728.3
3728.81
3728.85
3729.15
3730.08
3731.12
3731.13
3731.19
3731.41
3731.57
3731.96
3732.06
3732.14
3732.65
3732.78
3734.23
3734.29
3744.87
3745
3745.44
3745.48
3746.39
3746.75
3746.92
3747.13
3747.43
3747.55
3747.87
3748.73
3749.76
3749.95
3750.04
3750.06
3760.66
3760.71
3764.5
3764.57
3764.98
3765.94
3768.79
3768.9
3769.14
3769.18
3769.47
3769.7
3770.03
3770.07
3770.14
3770.71
3771.24
3771.29
3774.33
3774.47
3774.75
3774.77
3781.7
3782.07
3782.83
3783.2
3785.19
3785.27
3785.28
3785.29
3785.75
3785.92
3785.97
3786.11
3786.25
3786.36
3786.82
3787.09
3787.15
3787.15
3787.29
3787.98
3788.18
3788.6
3789.32
3789.79
3789.9
3790.16
3791.73
3791.86
3792.18
3792.21
3794.55
3794.64
3802.36
3802.53
3807.57
3807.63
3808.34
3808.52
3808.52
3808.64
3808.77
3809.25
3809.32
3809.42
3809.92
3809.98
3810.04
3810.88
3811.04
3811.66
3811.88
3811.93
3812.23
3812.44
3812.96
3813.64
3813.65
3814.62
3815.46
3816.42
3817.1
3817.39
3817.45
3817.49
3822.15
3822.21
3822.3
3823.15
3823.32
3823.39
3824.06
3824.37
3828.23
3828.3
3842.82
3842.95
3843.41
3843.43
3843.61
3844.01
3844.7
3844.71
3852.69
3852.73
3853.07
3853.32
3853.47
3854.1
3855.2
3855.78
3857
3857.15
3857.58
3858.96
3858.97
3859.31
3862.59
3862.99
3863.3
3864.2
3864.39
3864.43
3865.36
3865.44
3867.88
3868.16
3871.97
3872.09
3872.49
3872.54
3877.12
3877.66
3878.36
3879.48
3881.17
3881.21
3881.33
3881.62
3881.9
3881.93
3882.47
3883.69
3883.77
3884.12
3884.21
3884.32
3884.35
3884.59
3884.72
3884.83
3884.86
3885.13
3891.48
3891.69
3891.97
3892.51
3897.23
3897.29
3899.19
3899.25
3899.27
3899.45
3899.74
3899.88
3900.46
3901.62
3901.96
3902.01
3902.09
3902.29
3909.68
3910.28
3913.69
3913.7
3914.29
3914.36
3915.83
3916.37
3916.69
3917.81
3918.35
3918.69
3919.1
3919.57
3921.12
3921.24
3924.57
3924.69
3926.11
3926.31
3928.2
3928.36
3934.72
3935.16
3935.88
3936.07
3945.65
3945.74
3946.12
3947
3952.47
3952.7
3954.38
3954.55
3955.66
3956.05
3956.25
3956.32
3956.4
3956.54
3956.9
3957.42
3958.44
3958.82
3964.62
3965.34
3965.34
3966.3
3966.5
3967.06
3969
3969.17
3969.21
3969.52
3969.62
3970.01
3971.68
3972.51
3978.73
3979.32
3979.38
3979.71
3980.98
3980.99
3982.26
3982.51
3987.83
3988.06
3988.09
3988.22
3988.22
3988.7
3990.18
3990.43
3990.62
3990.76
3990.76
3991.36
4000.8
4001.87
4002.16
4002.41
4002.49
4003.48
4004.39
4004.58
4005.47
4005.75
4005.9
4006.65
4014.93
4015.7
4016.03
4016.52
4018.5
4018.86
4019.02
4019.47
4021.8
4022.15
4025.17
4025.28
4025.66
4025.88
4025.93
4026.59
4028.48
4028.53
4030.66
4030.72
4031.25
4031.48
4031.55
4031.69
4031.87
4034.28
4034.3
4035.04
4035.69
4036.97
4037.73
4038.85
4039.37
4039.59
4039.59
4039.84
4039.96
4040.35
4040.37
4040.4
4040.59
4040.6
4043.04
4043.06
4056.28
4057.28
4057.92
4058.4
4058.48
4058.52
4064.5
4064.65
4065.01
4065.06
4065.3
4065.77
4065.79
4066.25
4066.3
4066.43
4066.89
4066.95
4069.16
4069.58
4071.66
4071.8
4072.44
4072.51
4073.1
4074.56
4080.27
4080.49
4082.14
4082.3
4086.58
4086.94
4087.28
4087.91
4088.48
4089.02
4091.75
4092.27
4092.48
4092.6
4092.94
4092.98
4093.32
4094.19
4094.26
4094.28
4094.52
4094.61
4098.36
4098.39
4098.96
4098.97
4099.56
4099.82
4100.24
4100.56
4107.55
4107.66
4112.16
4112.21
4112.29
4112.3
4115.37
4115.63
4115.73
4115.86
4122.71
4122.81
4122.92
4123.42
4123.65
4124.27
4124.51
4124.66
4125.19
4125.9
4126.46
4126.74
4127.08
4127.37
4127.7
4128
4128.02
4128.31
4128.38
4129.16
4129.5
4129.72
4129.76
4130.11
4130.31
4131.76
4131.82
4131.85
4132.14
4132.22
4132.38
4132.39
4132.61
4132.76
4133.27
4133.65
4134.04
4134.1
4134.49
4135.5
4135.67
4135.82
4136.09
4136.33
4136.51
4136.63
4136.7
4137
4137.86
4137.92
4143.33
4143.85
4144.36
4144.43
4145.06
4145.7
4145.92
4146.29
4146.44
4146.48
4146.54
4146.65
4146.94
4147.38
4147.47
4147.56
4155.51
4156.68
4165.41
4165.6
4166.05
4166.12
4167.1
4167.12
4174.99
4175.11
4175.43
4175.48
4176.48
4176.51
4177.27
4177.67
4177.96
4179.85
4180.17
4180.32
4180.47
4180.72
4180.74
4180.81
4180.98
4181.71
4182.04
4182.65
4182.94
4183.39
4183.76
4184.21
4184.51
4184.85
4184.93
4185.85
4185.86
4186.31
4186.75
4187.45
4187.46
4187.55
4187.58
4187.75
4187.77
4188.55
4189.55
4189.83
4190.31
4190.38
4190.39
4190.78
4190.88
4191.71
4191.98
4192.38
4193.9
4194.35
4194.59
4194.7
4195.69
4195.81
4196.33
4196.42
4200.22
4201.33
4212.46
4212.81
4214.44
4214.47
4214.5
4214.6
4219.67
4219.95
4221.33
4223.28
4231.6
4232.07
4232.3
4232.4
4233.69
4233.76
4234.01
4235.98
4239.08
4239.45
4240.15
4240.34
4245.96
4246.09
4248.42
4248.46
4251.99
4252
4282.7
4283.03
4283.12
4283.45
4283.72
4283.99
4284.16
4284.55
4285.2
4285.47
4286.13
4286.15
4286.66
4286.84
4286.96
4287.33
4287.43
4287.82
4287.87
4288.51
4288.7
4288.73
4288.95
4289.1
4289.37
4289.52
4289.53
4290.11
4290.9
4291.45
4291.52
4291.9
4292.13
4292.18
4292.87
4292.93
4293.78
4294.17
4306.18
4306.26
4306.41
4306.9
4307.07
4307.09
4307.79
4308.09
4316.87
4317.38
4318.68
4318.98
4319.21
4319.75
4322.14
4322.47
4322.62
4322.67
4322.69
4322.77
4322.88
4323.18
4323.21
4323.3
4323.49
4324.26
4324.91
4324.98
4325.18
4325.3
4325.45
4325.6
4325.62
4326.04
4326.09
4326.73
4327.01
4327.72
4327.89
4328.22
4328.41
4328.57
4328.7
4329.46
4329.75
4330.29
4330.29
4330.7
4330.87
4331.37
4331.66
4331.94
4332.54
4333.07
4333.6
4333.74
4334.08
4334.9
4335.53
4336.61
4337.72
4337.74
4339.29
4339.69
4341.3
4341.33
4347.36
4347.49
4347.74
4347.97
4348.16
4348.31
4348.33
4348.83
4348.89
4349.24
4349.92
4349.94
4350.14
4351.29
4351.38
4351.52
4354.56
4354.6
4354.71
4354.76
4355.1
4355.36
4358.75
4358.98
4359.84
4360.22
4360.33
4360.43
4361.31
4361.68
4363.84
4363.91
4388.94
4389.05
4389.77
4389.84
4390.94
4391.25
4392.15
4392.28
4393.24
4393.48
4396.26
4396.82
4397.86
4397.93
4398.93
4399.08
4405.1
4405.34
4405.89
4406.19
4421.71
4422.38
4426.38
4426.59
4426.76
4427.56
4431.6
4432.16
4433.77
4434.24
4434.41
4434.48
4434.57
4434.68
4435.38
4435.88
4436.03
4436.48
4437.17
4437.62
4438.91
4438.93
4441.02
4441.48
4441.56
4441.75
4441.85
4442.2
4442.41
4442.53
4457.17
4457.97
4458.67
4458.98
4466.07
4466.53
4466.91
4467.23
4467.65
4468.02
4469.45
4469.63
4471.3
4471.38
4471.5
4472.87
4473.34
4474.02
4474.33
4474.71
4474.83
4475.14
4475.6
4475.67
4475.84
4476.35
4476.47
4476.65
4477.43
4477.47
4477.99
4478.15
4478.45
4478.63
4481.42
4481.49
4490.92
4491.1
4491.72
4491.97
4497
4497.12
4497.86
4497.87
4498.16
4498.49
4498.88
4499.5
4507
4507.65
4513.88
4514.13
4515.08
4515.41
4515.74
4516
4516.24
4516.94
4525.96
4526.29
4526.38
4527.2
4527.27
4527.76
4528.59
4528.72
4529.37
4529.57
4536.61
4537
4539.87
4539.9
4540.11
4540.85
4542.41
4542.8
4545.02
4545.32
4545.39
4545.42
4548.54
4548.63
4548.79
4548.95
4548.98
4548.99
4551.93
4552.69
4552.74
4553.16
4553.49
4553.52
4553.93
4554.05
4554.13
4555.15
4555.5
4555.64
4556.2
4556.42
4556.5
4556.53
4557.44
4557.62
4561.56
4561.63
4562.15
4562.46
4562.59
4562.81
4563.03
4563.04
4564.07
4564.32
4565.19
4565.36
4570.73
4571.06
4573.7
4574.27
4578.88
4579.14
4579.92
4579.97
4580.34
4580.48
4589.07
4589.1
4589.23
4589.48
4589.55
4589.91
4589.92
4590.35
4590.38
4590.43
4592.54
4592.56
4592.59
4592.89
4592.99
4593.11
4595.95
4596.95
4597.04
4597.2
4599.44
4599.65
4599.77
4599.97
4600.1
4600.32
4600.8
4601.43
4601.57
4602.24
4602.92
4603
4608.21
4608.32
4608.43
4609.27
4609.44
4609.6
4610.37
4610.96
4611.34
4611.5
4611.52
4611.58
4611.67
4612.47
4614.87
4615.33
4617.09
4619.2
4620.18
4620.43
4620.7
4622.01
4622.06
4622.76
4627.24
4627.29
4628.72
4628.9
4628.92
4629.29
4629.88
4630.09
4630.56
4630.57
4630.83
4631.26
4633.13
4633.22
4633.25
4633.76
4633.78
4633.92
4634.12
4634.24
4634.31
4634.38
4634.61
4634.99
4636.22
4636.4
4636.76
4637.59
4637.62
4638.09
4638.48
4638.64
4638.77
4639.08
4639.34
4639.99
4640.75
4640.98
4644.58
4644.74
4647.08
4647.21
4647.39
4647.4
4647.75
4647.98
4651.71
4651.82
4651.83
4652.42
4654.07
4654.72
4655.33
4656.25
4656.94
4657.11
4657.13
4657.14
4657.25
4657.28
4657.71
4658.04
4658.06
4658.53
4658.55
4658.8
4658.99
4659.63
4659.89
4660.66
4668.96
4669.36
4669.4
4669.48
4669.59
4669.89
4670.03
4670.04
4670.97
4671.16
4671.51
4671.78
4672.31
4672.49
4672.58
4673.07
4673.18
4673.83
4674.82
4675.02
4675.41
4675.59
4675.64
4675.95
4675.99
4676.33
4677.22
4677.3
4677.97
4678.13
4678.31
4678.96
4679.07
4679.23
4679.92
4680.04
4680.29
4680.53
4680.54
4681.26
4681.58
4681.75
4685.32
4685.62
4686.39
4686.52
4687.42
4688.04
4690.97
4691.42
4694.09
4694.86
4694.99
4695.19
4695.24
4695.62
4696.08
4696.26
4696.39
4697.05
4700.95
4701.32
4702.1
4702.79
4702.96
4703.04
4704.59
4704.77
4705.99
4706.08
4714.23
4715.77
4716.17
4716.19
4718.72
4719.74
4720.13
4720.72
4720.8
4720.98
4721.39
4721.79
4724.77
4724.93
4732.5
4732.52
4733.19
4733.23
4733.5
4733.99
4746.24
4746.36
4754.76
4755.04
4761.19
4762.44
4764.31
4764.52
4764.86
4764.9
4766.06
4766.98
4768.05
4768.21
4774.12
4774.29
4775.25
4775.76
4776.82
4777.16
4781.17
4781.79
4784.34
4784.72
4788.19
4788.47
4799.64
4800.07
4802.86
4803.38
4803.95
4804.66
4811.93
4812.15
4818.6
4818.75
4821.75
4821.97
4822.15
4822.34
4822.53
4822.63
4823.21
4823.39
4823.47
4823.69
4823.71
4823.71
4823.74
4823.94
4823.96
4824.19
4838.54
4839.1
4846.68
4846.86
4853.02
4853.82
4853.92
4854.07
4854.4
4854.46
4854.46
4854.54
4857.17
4857.56
4862.63
4862.85
4863.02
4863.07
4863.17
4863.3
4865.82
4866.07
4871.79
4872.46
4873.16
4873.45
4895.11
4895.45
4896.52
4896.63
4899.2
4899.21
4904.08
4904.32
4904.86
4904.97
4905.23
4905.24
4905.42
4905.68
4905.84
4906.21
4906.52
4906.65
4906.69
4907.18
4911.34
4911.95
4911.96
4912.14
4912.31
4912.36
4912.46
4913.42
4913.51
4913.86
4913.95
4915.06
4917.79
4918.06
4918.37
4919.11
4922.64
4922.66
4924.04
4924.12
4926.13
4926.29
4928.27
4928.3
4929.36
4929.74
4930.21
4930.64
4931.42
4931.53
4932.25
4932.93
4933.05
4933.09
4933.45
4933.77
4934
4934.34
4934.45
4934.47
4939.73
4940.24
4940.35
4940.47
4954.02
4954.46
4955.87
4956.3
4960.37
4960.55
4962.63
4962.86
4964.94
4965.18
4965.56
4965.78
4967.64
4967.76
4969.99
4969.99
4969.99
4970.51
4970.52
4970.9
4971.12
4971.5
4971.62
4971.76
4972.28
4972.91
4973.33
4973.67
4974.09
4974.34
4975.11
4975.24
4975.48
4975.58
4979.46
4979.7
4979.87
4979.96
4979.99
4980.5
4980.5
4980.55
4980.72
4981.33
4981.88
4982.05
4982.06
4982.2
4982.42
4982.58
4982.7
4982.74
4982.75
4982.9
4983.41
4983.49
4983.85
4984.04
4984.75
4985.51
4985.52
4985.54
4986.33
4986.6
4989.19
4989.34
4991.18
4991.26
4997.18
4997.4
5006.59
5006.67
5017.1
5017.18
5019.74
5020.23
5022.6
5022.71
5024.56
5024.94
5025.13
5025.24
5034.03
5034.98
5039.93
5040.41
5043.46
5043.95
5048.52
5048.78
5049.01
5049.49
5049.83
5050.75
5050.76
5050.9
5053.61
5053.79
5054.62
5054.65
5054.8
5055.53
5055.56
5055.84
5056.28
5057.57
5069.88
5070.44
5071.22
5071.77
5074.61
5074.75
5077.56
5077.89
5079.76
5079.99
5080.21
5080.54
5080.67
5080.71
5081.43
5081.5
5082.26
5082.51
5082.8
5083.01
5083.33
5083.84
5083.86
5083.99
5084
5084.06
5084.08
5084.66
5084.7
5085.53
5086.03
5086.11
5086.41
5086.69
5086.86
5087.05
5087.5
5087.74
5088.62
5089.02
5089.14
5089.24
5089.29
5090.23
5090.27
5090.83
5090.84
5090.87
5091.34
5091.63
5091.69
5091.71
5091.84
5091.9
5091.96
5092.51
5092.56
5092.57
5093
5093.08
5093.13
5093.34
5093.49
5093.9
5094.46
5094.82
5094.99
5095.02
5095.16
5095.17
5095.27
5095.84
5097.76
5098.07
5098.31
5098.36
5098.38
5098.55
5098.85
5099.7
5104.28
5104.91
5105.66
5106.2
5106.61
5106.84
5106.89
5107.53
5108.01
5108.22
5111.47
5112.5
5122.15
5122.38
5122.41
5122.52
5122.6
5124.12
5124.17
5124.19
5124.34
5124.52
5124.78
5125.53
5126.12
5126.67
5127.07
5127.49
5128.88
5129.07
5129.07
5129.27
5129.76
5130.28
5130.89
5130.92
5134.21
5134.83
5135.55
5135.83
5136.29
5136.31
5136.53
5136.65
5137.62
5137.71
5144.75
5145.06
5145.8
5145.85
5145.93
5146.55
5146.85
5147.41
5147.51
5147.57
5147.81
5147.84
5147.85
5148.3
5148.71
5148.91
5152.44
5152.88
5152.92
5153.62
5162.63
5162.64
5165.63
5165.67
5167.89
5167.96
5168.72
5169.4
5175.47
5175.62
5175.63
5176.25
5176.57
5176.7
5177.34
5177.55
5177.68
5177.86
5184.93
5184.97
5194
5194.24
5194.72
5194.78
5196.99
5197.47
5198.2
5198.33
5198.73
5199.35
5201.69
5201.79
5208.15
5208.66
5208.87
5208.93
5209
5209.37
5209.97
5211.25
5215.17
5215.43
5215.5
5215.52
5215.86
5216.03
5216.74
5216.95
5217.07
5217.22
5217.36
5217.6
5218.03
5218.34
5218.55
5218.69
5218.8
5218.93
5219.31
5219.73
5220.54
5221.27
5221.64
5221.92
5222.15
5222.3
5223.5
5223.84
5223.97
5224.36
5231.84
5231.96
5235.42
5235.51
5235.55
5235.7
5235.85
5236.11
5237.12
5237.46
5239.68
5240.32
5243.65
5243.8
5254.33
5254.55
5255.01
5255.06
5255.4
5255.55
5255.75
5255.86
5256.73
5257.85
5257.85
5257.85
5258.11
5258.27
5259.66
5259.79
5261.96
5261.99
5262.45
5263.21
5265.83
5267.39
5267.55
5268.13
5271.12
5271.45
5275.51
5275.55
5275.71
5276.15
5276.19
5276.55
5277.36
5281.38
5281.83
5282.19
5282.98
5283.07
5283.93
5283.95
5285.96
5286.11
5289.47
5290.32
5291.16
5291.23
5291.69
5292.44
5294.34
5294.37
5299.01
5299.17
5303.92
5304.27
5304.32
5304.59
5305.32
5305.79
5309.97
5309.99
5313.05
5313.58
5316.4
5316.75
5321.34
5321.37
5321.39
5321.54
5321.92
5322.63
5322.82
5323.4
5323.59
5323.77
5324.14
5324.19
5324.38
5324.54
5324.74
5326.03
5326.17
5326.24
5326.69
5326.81
5326.97
5327.11
5327.78
5328.23
5328.94
5329.04
5331.15
5331.29
5331.3
5331.48
5331.49
5331.61
5333.74
5333.86
5334.19
5334.59
5348.77
5348.77
5349.25
5349.31
5349.41
5350.03
5353.8
5353.97
5354.04
5354.85
5354.9
5354.94
5355.07
5355.84
5355.93
5356.78
5357.12
5357.5
5357.68
5357.93
5358.09
5358.38
5358.6
5359.11
5359.2
5359.24
5359.29
5359.35
5359.59
5359.73
5360.2
5360.63
5360.71
5360.73
5361.37
5361.77
5362.02
5362.81
5363.53
5363.66
5363.67
5364.74
5365.67
5365.98
5366.38
5366.5
5366.56
5367.07
5367.25
5367.33
5374.17
5374.51
5374.54
5374.61
5378.21
5378.55
5378.88
5378.88
5379.33
5379.36
5379.53
5381.22
5381.34
5383.71
5384.39
5384.84
5385.01
5385.25
5385.76
5385.99
5386.12
5386.5
5386.65
5386.93
5387.17
5387.19
5389.69
5389.95
5390.68
5390.85
5391.44
5391.71
5402.22
5402.8
5402.82
5403.23
5403.24
5403.27
5404.58
5404.84
5407.24
5407.89
5407.9
5408.48
5409.34
5409.53
5409.59
5409.7
5410.3
5410.33
5410.79
5410.86
5410.99
5411.09
5411.12
5411.5
5411.51
5411.77
5413.52
5414.28
5414.33
5414.41
5414.47
5414.54
5414.56
5414.89
5414.95
5415.2
5415.55
5415.94
5422.96
5423.15
5426.38
5426.4
5428.55
5428.58
5428.72
5428.74
5429.77
5430.14
5431.87
5432.61
5438.26
5440.51
5441
5441.07
5441.08
5442.02
5444.2
5444.54
5444.56
5445.01
5445.06
5445.11
5445.72
5445.86
5447.37
5447.99
5450.8
5451.11
5451.31
5451.42
5451.92
5451.94
5452.16
5452.24
5458.31
5459.11
5459.27
5459.29
5459.46
5460.31
5460.4
5460.86
5460.86
5461.83
5462.2
5462.41
5462.62
5463.42
5463.67
5463.74
5463.87
5463.98
5464.26
5464.35
5464.51
5465.04
5465.4
5465.56
5465.7
5465.97
5466.55
5467.15
5467.15
5467.65
5468.27
5468.6
5470.09
5471.45
5471.87
5472.48
5473.31
5473.47
5474.09
5474.26
5478.22
5478.38
5478.54
5478.82
5479.06
5479.39
5487.54
5488.04
5488.7
5489.13
5490.62
5492.37
5496.73
5496.93
5497.88
5498.04
5498.79
5499
5507.8
5508.08
5508.33
5508.86
5508.98
5509.15
5509.8
5510.47
5511.01
5511.61
5511.64
5511.78
5511.79
5512.03
5520.82
5520.85
5521.02
5521.1
5523.38
5523.47
5524.04
5524.09
5524.58
5524.83
5524.85
5525.09
5525.16
5525.6
5527.71
5528.2
5528.24
5528.72
5529.04
5529.22
5529.56
5529.61
5529.73
5530.03
5530.18
5530.76
5530.8
5531.09
5532.37
5532.4
5532.41
5532.47
5532.66
5532.89
5532.99
5533.02
5534.57
5535.06
5535.09
5536.4
5536.73
5536.87
5538.09
5538.39
5538.9
5539.36
5539.38
5539.94
5541.13
5542.3
5542.31
5542.42
5542.43
5543.09
5544.32
5544.98
5546.73
5546.94
5555.7
5556.01
5556.16
5556.17
5557.12
5557.13
5557.37
5557.8
5558.36
5558.44
5558.62
5559
5559.7
5560.12
5560.16
5560.4
5560.49
5560.92
5560.99
5561.06
5561.16
5561.24
5561.67
5561.83
5562.66
5563.6
5563.69
5563.91
5567.53
5567.6
5567.65
5567.73
5571.36
5571.56
5571.6
5572.48
5572.56
5572.85
5573.36
5573.37
5584.33
5584.58
5584.58
5584.68
5585.26
5585.76
5585.87
5585.98
5586.15
5586.43
5589
5589.87
5589.93
5590.23
5590.59
5590.99
5591.3
5591.86
5593.2
5593.78
5593.82
5593.92
5593.96
5594.09
5594.6
5594.96
5599.41
5600.16
5602.61
5602.64
5605.77
5605.86
5605.88
5605.91
5605.93
5606.28
5607.42
5607.56
5607.61
5608
5609.85
5610.11
5610.8
5611.09
5616.45
5616.66
5620.42
5623
5631.73
5631.79
5632.7
5633.23
5634.27
5634.98
5635.07
5635.53
5636.59
5636.63
5637.08
5638.79
5638.84
5639
5643.58
5643.79
5644.64
5645.03
5647.67
5647.71
5654.93
5655.18
5655.39
5655.57
5684.32
5684.99
5688.02
5688.1
5688.94
5689.09
5689.47
5689.52
5689.56
5689.71
5690.07
5690.58
5691.18
5691.27
5691.91
5692.11
5692.22
5692.3
5692.88
5693.37
5693.44
5693.56
5693.61
5694.55
5694.65
5695.02
5695.18
5695.18
5695.37
5695.56
5695.92
5697.34
5697.53
5697.8
5697.81
5698.78
5700.63
5701.12
5703.41
5703.48
5710.78
5711.15
5712.13
5712.28
5712.72
5712.81
5715.02
5715.15
5722.28
5722.31
5722.61
5723.67
5727.01
5727.32
5731.76
5731.78
5734.38
5734.71
5735
5735.12
5736.23
5736.42
5738.77
5739.52
5740.05
5740.35
5742.49
5743.7
5743.81
5744.83
5748.48
5748.7
5749.03
5749.17
5749.28
5749.35
5749.81
5750.98
5753.02
5753.18
5756.73
5756.73
5757.01
5757.23
5757.32
5757.5
5763.99
5764.27
5764.66
5765.26
5775.39
5775.76
5776.66
5776.69
5781.68
5781.81
5782.24
5782.5
5782.51
5782.62
5790.19
5790.24
5801.93
5802.41
5803
5804.25
5804.77
5805.1
5805.68
5806.1
5806.28
5806.45
5806.52
5806.64
5807
5807.4
5812.46
5812.52
5812.52
5812.56
5812.7
5813.74
5814.04
5814.16
5814.61
5814.75
5814.85
5815.05
5815.58
5815.62
5815.72
5816.29
5816.67
5816.68
5819.9
5820.41
5832.12
5832.8
5834.12
5834.5
5834.52
5834.89
5835.48
5835.71
5835.82
5836.09
5838.15
5838.27
5844.58
5844.76
5844.94
5845.09
5845.15
5845.52
5846.22
5846.39
5848.73
5848.73
5849.09
5849.28
5849.44
5849.7
5851.4
5851.77
5851.85
5852.42
5852.9
5852.94
5852.97
5853.66
5853.81
5854.71
5869.79
5870.01
5877.91
5878.01
5878.42
5878.49
5878.52
5878.69
5883.37
5883.68
5884.28
5884.45
5884.49
5884.88
5890.58
5890.75
5891.07
5891.23
5891.87
5891.94
5892.11
5892.23
5892.35
5892.38
5892.65
5893.21
5893.67
5893.71
5894.36
5894.44
5905.02
5905.57
5909.86
5910.42
5926.76
5927.61
5931.87
5932.41
5932.52
5932.54
5932.55
5932.73
5933.1
5933.47
5933.77
5933.78
5934.13
5934.23
5939.75
5940.49
5940.7
5941.31
5945.97
5946.08
5949.5
5949.72
5950.71
5951.39
5951.47
5951.51
5951.62
5952.38
5955.38
5955.68
5955.87
5956.43
5956.96
5957.18
5957.51
5957.69
5957.86
5958.62
5958.87
5958.87
5959.39
5959.76
5960.25
5960.7
5960.81
5960.83
5964.65
5964.71
5967.78
5968.04
5968.48
5969.18
5969.68
5969.81
5970
5970.95
5972.19
5972.52
5972.72
5973.26
5974.06
5974.25
5974.94
5975.68
5986.74
5987.04
5988.49
5988.93
5989.64
5990.44
5990.58
5990.74
5990.81
5990.88
5995.85
5995.86
5996.5
5996.86
6003.5
6004.12
6008.37
6008.66
6009.49
6009.54
6018.86
6018.98
6028.17
6028.33
6028.44
6028.88
6029.26
6029.92
6030.56
6030.96
6031.6
6031.98
6032.27
6032.31
6032.33
6032.87
6032.9
6033
6034.02
6034.36
6035.05
6035.08
6035.09
6035.67
6039.55
6039.59
6044.23
6044.29
6044.5
6044.64
6050.6
6050.73
6051.01
6051.14
6054.17
6054.34
6055.01
6055.1
6055.48
6056.6
6056.96
6057.01
6057.14
6057.5
6058.4
6058.54
6059.53
6060.19
6061.13
6061.53
6066.29
6066.93
6068.95
6069.74
6069.93
6070.09
6070.1
6070.22
6071.35
6071.93
6073.03
6073.51
6073.52
6073.53
6078.77
6078.98
6079.13
6079.57
6093.15
6093.21
6093.5
6093.57
6093.71
6093.74
6093.9
6094.13
6094.44
6094.46
6096.06
6096.07
6096.74
6096.87
6097.02
6097.02
6099.91
6100.96
6101.44
6102.22
6105.98
6105.99
6107.64
6107.65
6110.28
6110.57
6110.95
6110.97
6111.1
6111.28
6111.82
6112.28
6112.75
6112.86
6113.04
6113.4
6113.42
6113.46
6114.07
6115.9
6120.49
6120.63
6121.48
6121.98
6124.97
6125.83
6126.75
6127
6127.08
6127.67
6138.41
6138.72
6138.86
6139.11
6139.2
6139.63
6148.66
6148.74
6148.8
6149.47
6149.47
6149.49
6149.72
6150.22
6160.71
6160.79
6163.81
6164.18
6164.24
6164.32
6164.94
6165.31
6165.76
6166.16
6166.86
6166.96
6167.07
6167.25
6167.7
6168.19
6168.25
6168.35
6176.87
6177.07
6177.12
6177.45
6177.57
6177.72
6180.31
6180.33
6180.64
6180.71
6180.88
6181.27
6181.33
6181.97
6181.99
6182.08
6185.69
6186.15
6186.18
6186.43
6190.95
6191.1
6191.41
6191.83
6192.13
6192.29
6192.3
6192.89
6193.03
6193.14
6193.34
6193.42
6193.59
6193.66
6200.1
6200.71
6200.86
6200.95
6201.67
6201.76
6203.99
6204.2
6204.21
6205.12
6205.5
6205.69
6209.4
6209.54
6213.39
6213.43
6216.15
6217.07
6217.75
6218.51
6218.59
6219.14
6219.15
6219.18
6219.73
6219.9
6220
6220.18
6220.66
6221.09
6221.31
6221.51
6222.05
6222.25
6222.5
6222.74
6222.84
6223.33
6223.43
6223.48
6228.9
6229.09
6233.44
6234.17
6234.54
6235.26
6235.28
6235.86
6236.05
6236.57
6236.68
6237.74
6237.81
6238.03
6238.53
6238.64
6239.17
6239.49
6239.5
6240.13
6240.41
6241.07
6241.27
6241.3
6241.86
6243.4
6246.01
6246.04
6249.96
6250.33
6250.92
6251.85
6252.09
6252.34
6252.4
6252.48
6254.61
6254.7
6254.79
6255.06
6255.15
6255.66
6256.24
6256.27
6256.48
6256.57
6256.76
6257.23
6257.32
6257.34
6258.42
6258.56
6258.9
6259.61
6261.13
6261.33
6262.27
6262.57
6263.64
6263.79
6263.88
6264.23
6265.06
6265.26
6265.53
6266.1
6266.15
6266.34
6266.79
6267.1
6267.17
6267.2
6268.33
6268.52
6268.8
6269.02
6269.57
6269.82
6270.21
6271.72
6272.66
6272.77
6272.96
6273.72
6274.03
6274.08
6274.41
6274.43
6274.49
6274.66
6274.89
6274.96
6275.04
6275.04
6275.05
6275.26
6275.31
6275.77
6275.82
6275.84
6275.85
6276.06
6276.16
6276.38
6276.41
6276.42
6277.03
6277.07
6278.57
6278.77
6279.15
6279.52
6279.57
6280.31
6280.43
6280.64
6280.76
6280.83
6281.21
6281.29
6281.29
6281.44
6281.69
6282.05
6282.05
6282.59
6283.67
6283.76
6284.71
6284.86
6284.93
6284.94
6290.64
6290.81
6294.92
6294.99
6295.04
6295.23
6295.27
6295.44
6295.7
6296.44
6297.08
6297.58
6297.89
6298
6298.01
6298.35
6298.6
6299.13
6306.56
6306.7
6306.82
6307.17
6307.18
6307.58
6307.62
6307.73
6307.75
6307.78
6308.73
6308.73
6312.12
6312.36
6315.59
6315.7
6318.26
6318.44
6318.68
6318.91
6319.16
6319.38
6319.74
6319.81
6320.03
6320.18
6320.26
6320.27
6320.77
6320.88
6321.02
6321.53
6321.88
6321.89
6321.91
6322.18
6323.48
6324.02
6327.92
6328.15
6328.6
6329.12
6329.86
6330.25
6330.27
6330.79
6331.21
6331.74
6332.1
6332.2
6332.33
6332.48
6335.61
6335.63
6335.79
6335.92
6335.96
6336
6336.64
6336.74
6337.02
6337.43
6339.58
6339.85
6340.45
6340.52
6342.33
6342.67
6342.81
6343.04
6343.27
6344.08
6345.49
6345.54
6346.84
6346.91
6347.28
6347.51
6348.75
6349.29
6362.68
6363.03
6363.16
6363.26
6363.29
6363.68
6371.93
6372.13
6372.66
6373.07
6379.93
6380.65
6381.38
6381.43
6381.55
6381.92
6387.3
6387.92
6387.92
6387.96
6388.9
6389.27
6392.56
6393.04
6395.17
6395.23
6397.68
6398.02
6398.21
6398.73
6400.09
6401.85
6401.97
6401.99
6402.45
6402.88
6402.96
6403.04
6403.07
6403.13
6403.5
6404.31
6404.38
6404.41
6404.83
6404.98
6405.05
6405.11
6405.27
6405.33
6405.4
6405.7
6405.91
6406.1
6406.32
6407.91
6408.85
6409.27
6411.73
6411.78
6412.12
6412.54
6424.32
6424.89
6425.23
6425.26
6425.69
6425.73
6429.49
6430.44
6433.76
6434.02
6434.18
6435.17
6442.65
6442.65
6442.93
6443
6443.38
6443.6
6445.66
6446.13
6446.24
6447.26
6447.67
6448.05
6448.26
6448.28
6448.34
6448.67
6448.76
6449
6449.13
6449.65
6450.32
6450.58
6452.54
6453.12
6454.39
6455.1
6461.75
6461.84
6467.22
6467.25
6469.89
6470.16
6470.29
6470.84
6472.78
6473.09
6473.35
6473.39
6473.56
6473.57
6473.6
6473.72
6475.3
6475.47
6478.06
6478.64
6478.69
6479.11
6483.88
6483.91
6485.22
6486.08
6486.56
6487.68
6487.77
6487.83
6487.93
6488.15
6491.62
6491.83
6491.98
6492.07
6492.5
6492.73
6493.41
6493.55
6497.51
6497.88
6509.12
6509.3
6509.34
6509.41
6521.61
6521.83
6522.43
6523.65
6523.83
6524.51
6524.56
6525.15
6525.35
6525.45
6525.49
6525.5
6526.05
6526.45
6526.49
6526.68
6526.84
6527.65
6527.93
6528.25
6528.78
6529.58
6530
6530.09
6530.27
6530.48
6530.5
6530.57
6530.85
6531.3
6531.47
6531.57
6532.19
6532.54
6533.13
6533.44
6533.49
6533.87
6535.69
6536.58
6548.61
6548.7
6548.78
6549.06
6550.77
6550.89
6551
6551.16
6551.22
6551.51
6551.76
6551.83
6551.86
6551.94
6551.97
6551.99
6552.36
6553.29
6553.31
6553.75
6553.81
6554.35
6554.48
6554.8
6555.23
6555.71
6556.91
6557.41
6562.3
6562.95
6568.76
6569.37
6569.58
6569.77
6569.93
6569.98
6580.31
6580.65
6580.68
6580.71
6581.37
6581.51
6582.01
6582.23
6582.96
6583.17
6583.23
6583.38
6583.48
6583.77
6584.26
6584.46
6585.2
6585.25
6595.65
6595.71
6596.65
6597.63
6597.96
6598.03
6598.21
6598.28
6601.04
6601.44
6608.83
6609.13
6609.42
6609.89
6612.46
6612.48
6613.35
6613.4
6614.19
6615.08
6616.76
6616.82
6616.84
6616.89
6625.45
6625.62
6625.78
6625.89
6626.13
6626.28
6639.38
6639.51
6647.41
6647.44
6653.73
6654.22
6654.22
6654.42
6654.75
6654.83
6654.9
6655.15
6659.87
6660
6663.99
6664.35
6665.86
6665.92
6666.81
6666.94
6674.81
6675.6
6675.91
6676.12
6676.31
6676.55
6676.92
6677.21
6679.01
6679.08
6679.75
6680.26
6682.59
6682.8
6688.57
6688.58
6698.82
6699.19
6699.2
6699.82
6700.17
6700.43
6700.47
6700.58
6701.12
6701.37
6701.45
6701.67
6703.43
6703.99
6704.26
6704.52
6708.06
6708.22
6708.38
6709.85
6716.47
6716.73
6717
6717.32
6718.74
6718.89
6719.03
6719.05
6719.11
6719.97
6720.11
6720.2
6723.42
6724.47
6725.15
6725.7
6726.07
6726.46
6726.8
6727.42
6728.02
6728.04
6731.67
6731.83
6740.3
6741.31
6741.48
6741.73
6741.8
6743.12
6743.15
6743.28
6743.46
6743.77
6743.78
6743.78
6744.02
6744.08
6744.23
6744.39
6744.9
6745.47
6746.74
6747.72
6751.39
6752.42
6752.45
6752.96
6753.06
6753.46
6753.54
6753.9
6754.9
6754.95
6755.03
6755.1
6760.26
6760.59
6760.88
6761.07
6761.18
6762.25
6762.43
6762.58
6762.76
6762.83
6765.66
6765.9
6766.12
6766.33
6769.26
6769.36
6772.95
6773.03
6773.34
6773.56
6773.73
6774.22
6774.48
6775.16
6775.27
6775.39
6779.05
6779.15
6779.36
6779.86
6781.72
6781.84
6781.94
6782.01
6782.26
6782.34
6784.36
6784.62
6784.65
6784.87
6785.3
6785.34
6785.62
6785.74
6786.21
6786.22
6786.46
6787.11
6787.14
6787.18
6787.22
6787.76
6788.28
6788.87
6788.89
6790.1
6790.13
6790.25
6790.35
6790.5
6790.89
6791.57
6792.08
6792.33
6793.81
6794.17
6794.28
6794.68
6794.81
6794.87
6794.9
6795.21
6795.78
6796.37
6796.56
6796.92
6798.59
6798.72
6803.32
6803.69
6803.76
6803.87
6803.89
6804.34
6804.71
6804.73
6807.73
6807.73
6807.78
6808.03
6808.05
6808.56
6808.62
6809.05
6811.91
6812.02
6813.25
6814.61
6814.84
6815.36
6815.65
6815.68
6815.7
6815.71
6816.32
6816.47
6816.57
6816.58
6816.92
6817.3
6817.49
6817.97
6819.2
6819.21
6825.74
6825.88
6827.63
6827.78
6834.3
6834.4
6838.39
6838.47
6838.89
6839.23
6839.39
6839.83
6841.92
6842.1
6842.57
6843.01
6843.01
6843.21
6843.34
6844.1
6852.19
6852.29
6852.78
6852.9
6855.92
6856.01
6856.68
6856.81
6856.94
6857.01
6865.5
6866.19
6866.37
6866.63
6866.76
6866.89
6867.07
6867.23
6867.33
6867.41
6867.65
6868.24
6868.99
6869.33
6869.88
6869.89
6869.93
6870.68
6871.1
6871.16
6878.55
6878.59
6879.2
6879.29
6879.34
6879.93
6883.42
6883.69
6888.06
6888.51
6888.52
6889.33
6892.88
6892.9
6899.3
6899.39
6901.65
6901.84
6910.63
6910.77
6910.9
6911.97
6912.12
6912.4
6912.5
6912.59
6912.65
6912.97
6913.1
6913.37
6913.75
6913.76
6915.52
6916.68
6916.75
6917.74
6918.09
6918.58
6919.83
6920.16
6920.4
6920.59
6920.74
6920.75
6920.83
6920.86
6921.79
6922.85
6922.93
6923.48
6929.63
6929.91
6930.17
6931.66
6932.37
6932.56
6932.86
6932.99
6933.02
6933.38
6933.5
6933.83
6933.99
6934.52
6934.64
6934.87
6936.66
6937.05
6937.49
6937.64
6937.8
6937.93
6939.13
6939.6
6939.85
6940.18
6940.51
6941.57
6942.31
6942.69
6942.73
6943.21
6943.35
6943.38
6943.55
6943.6
6943.62
6943.68
6944.33
6944.47
6944.56
6944.79
6944.91
6945.02
6945.44
6945.83
6945.97
6945.99
6946.56
6947.2
6947.28
6947.55
6950.09
6950.5
6954.81
6954.85
6957.96
6958.33
6958.44
6958.57
6958.86
6958.95
6959.27
6959.35
6960.14
6960.26
6960.46
6960.54
6960.89
6960.93
6966.15
6966.76
6970.07
6970.24
6975.82
6976.26
6976.62
6977.23
6986.18
6986.62
6986.81
6986.88
6987
6987.28
6987.35
6987.51
6987.8
6987.83
6995.31
6995.54
6999.04
6999.3
6999.99
7000.01
7000.18
7000.19
7000.55
7000.86
7000.94
7001.01
7001.4
7003.2
7003.48
7003.75
7004.25
7004.34
7011.98
7012.41
7013.86
7014.33
7015.11
7015.87
7016.54
7016.6
7024.34
7024.55
7032.36
7032.43
7032.44
7033.12
7033.71
7033.78
7033.8
7033.99
7036.12
7036.19
7036.58
7036.64
7036.77
7036.78
7036.85
7036.88
7037.51
7037.53
7047.55
7048.21
7052.41
7052.45
7054.63
7054.74
7055.46
7055.67
7061.12
7061.4
7061.73
7061.78
7061.78
7061.81
7061.81
7062.13
7065.51
7066.63
7078.01
7078.9
7080.05
7080.26
7080.43
7080.58
7080.9
7081.23
7081.24
7081.87
7082.09
7082.59
7082.97
7083.16
7083.31
7083.62
7083.71
7084.42
7095.02
7095.37
7096.05
7096.25
7096.54
7097.51
7097.73
7097.76
7102.17
7102.48
7102.52
7102.86
7103.27
7103.62
7104.16
7105.17
7105.89
7106.17
7106.24
7106.37
7106.72
7107.36
7120.33
7120.36
7122.13
7122.21
7122.45
7122.88
7128.48
7128.61
7132.42
7132.55
7132.66
7132.67
7134.11
7134.14
7138.99
7139.25
7139.34
7139.38
7139.62
7139.93
7148.01
7148.22
7150.38
7151.17
7152.45
7153.16
7153.16
7153.17
7153.83
7154.38
7154.99
7155.82
7155.84
7155.87
7158.34
7158.52
7165.65
7166.45
7166.63
7166.92
7167.08
7167.57
7167.66
7167.84
7168.06
7168.26
7168.26
7168.56
7168.63
7168.8
7168.89
7168.91
7169.31
7169.95
7175.27
7175.42
7182.11
7182.29
7182.94
7183.21
7191.86
7192.12
7206.07
7207.49
7211.25
7211.25
7212.58
7212.69
7227.23
7227.26
7227.46
7227.61
7227.81
7227.81
7229.55
7229.61
7235.69
7236.01
7238.05
7238.06
7238.49
7238.56
7239.11
7239.62
7241.04
7241.05
7241.3
7241.45
7250.08
7250.24
7250.79
7251.18
7251.62
7251.65
7252
7252.91
7253.21
7253.69
7257.77
7257.99
7260.94
7261.22
7262.13
7262.54
7262.84
7262.86
7263.14
7263.16
7265.51
7265.81
7269.74
7270.72
7271
7271.2
7272.13
7272.81
7273.19
7274.02
7275.54
7275.73
7283.7
7284.18
7284.23
7284.5
7298.84
7298.97
7302.83
7303.01
7303.32
7303.75
7304.6
7305.4
7305.88
7306.32
7306.52
7306.84
7309.55
7309.67
7314.38
7314.45
7314.6
7314.77
7314.8
7314.8
7314.86
7315.02
7315.37
7315.5
7315.66
7316.01
7316.26
7316.4
7322.69
7322.75
7328.27
7328.31
7330.15
7330.49
7330.91
7330.91
7330.92
7331.29
7332.05
7332.24
7332.38
7332.41
7332.44
7332.69
7332.96
7333.61
7334.1
7334.46
7334.7
7335.28
7335.64
7336.49
7336.69
7336.74
7336.9
7337.11
7337.57
7337.74
7337.76
7338.12
7351.45
7352.07
7363.14
7363.24
7365.1
7365.37
7365.96
7366.06
7366.45
7366.8
7370.03
7370.83
7371.47
7371.7
7371.78
7372.37
7379.72
7379.8
7379.92
7380.11
7397.6
7397.89
7398.37
7398.49
7398.56
7399.32
7399.53
7399.71
7399.86
7400.1
7400.27
7400.29
7400.54
7400.91
7400.92
7401.34
7401.57
7401.89
7401.99
7402.72
7408.42
7408.43
7408.59
7408.61
7409.3
7409.42
7409.88
7409.98
7410.3
7410.34
7410.63
7411.19
7412.04
7412.58
7412.69
7412.87
7413.22
7413.64
7413.71
7414.85
7416.15
7416.18
7416.23
7416.61
7417.12
7417.34
7417.37
7417.59
7417.81
7417.87
7417.91
7417.92
7417.93
7418.12
7418.61
7418.65
7418.7
7418.98
7420.15
7420.47
7427.87
7428.28
7438.93
7439.61
7439.94
7440.08
7440.52
7440.83
7440.88
7441.06
7444.41
7445.52
7446.27
7446.39
7446.42
7446.58
7447.95
7447.98
7448.84
7448.98
7449.15
7449.37
7450.18
7450.38
7450.39
7450.47
7453
7453.46
7453.74
7453.77
7454
7454
7456.97
7457.23
7457.75
7457.92
7457.94
7458.47
7458.78
7459.03
7463.09
7463.42
7463.52
7463.59
7463.65
7463.69
7464.2
7464.22
7464.77
7464.81
7466.59
7466.85
7467.61
7467.7
7467.99
7468.36
7473.27
7473.65
7481.48
7481.89
7484.91
7485.42
7485.84
7485.88
7485.98
7486.54
7487.37
7487.6
7487.97
7488.62
7488.72
7489.08
7489.19
7490.05
7490.08
7490.48
7491.35
7491.58
7491.85
7492
7493.38
7493.6
7494.66
7495.28
7496.45
7496.8
7497.21
7497.4
7497.42
7497.73
7498.83
7499.78
7499.85
7500.54
7505.05
7505.83
7507.68
7509.29
7516.97
7517.5
7517.54
7517.64
7518.82
7519.03
7522.56
7522.98
7524.95
7524.96
7534.86
7534.87
7536.42
7536.59
7537.41
7537.92
7538.44
7538.44
7539.28
7540.05
7540.55
7540.57
7551.7
7551.73
7551.8
7553.11
7554.22
7554.25
7554.65
7554.71
7561.61
7562.3
7562.57
7563.91
7564.4
7564.54
7573.28
7573.67
7576.79
7577.54
7582.06
7582.3
7585.46
7585.51
7589.15
7589.64
7601.97
7602.07
7605.91
7606.09
7606.23
7606.81
7610.3
7610.99
7611.32
7611.41
7613.84
7613.97
7614.39
7614.62
7614.85
7614.89
7620.19
7620.33
7620.74
7621.24
7624.75
7625.17
7625.4
7626.03
7643.02
7643.38
7643.77
7644.49
7644.96
7645
7645.24
7645.96
7646.26
7646.36
7646.38
7646.86
7653.4
7653.45
7655.26
7655.59
7656.19
7656.31
7656.81
7657.41
7657.42
7657.6
7657.75
7658.96
7670.44
7670.47
7671.77
7672.49
7675.41
7675.58
7685
7685.26
7686.32
7686.61
7687.23
7687.73
7688.05
7688.09
7696.54
7697.41
7697.62
7698.12
7707.47
7707.92
7708.09
7708.74
7709.29
7709.71
7709.84
7710.75
7710.8
7711.6
7711.7
7711.81
7712.56
7712.68
7713.07
7713.89
7725.56
7725.67
7732.78
7733.13
7733.2
7733.32
7733.45
7733.86
7734.11
7734.8
7734.81
7735.58
7737.47
7737.54
7737.66
7737.86
7739.27
7740.56
7741.19
7741.33
7741.41
7741.45
7741.46
7741.74
7742.3
7742.99
7743.53
7744.11
7752.45
7752.5
7753.36
7754.92
7754.95
7755
7756.91
7757.04
7757.21
7758.76
7758.8
7759.18
7760.97
7760.99
7773.69
7773.93
7774.03
7774.05
7775.28
7775.81
7776.02
7776.15
7782.18
7782.84
7783.08
7783.16
7786.01
7786.17
7787.23
7787.29
7788.13
7788.16
7789.47
7789.61
7790.12
7790.51
7790.83
7791.32
7792.19
7792.32
7792.48
7794.31
7794.64
7794.74
7795.01
7795.13
7795.74
7795.77
7796.26
7796.56
7797.59
7797.66
7801.75
7801.75
7801.82
7802.13
7802.86
7803.04
7803.58
7803.9
7812.81
7813
7815.68
7815.94
7816.41
7816.44
7820.04
7820.18
7832.58
7832.91
7833.01
7833.7
7833.94
7834.93
7840.7
7840.79
7851.91
7851.97
7852.87
7853.32
7869.15
7869.39
7869.69
7870.22
7870.69
7870.7
7877.34
7877.8
7878.01
7878.42
7878.62
7878.98
7879.16
7879.39
7879.67
7879.98
7880.69
7881.5
7881.58
7881.76
7881.77
7882.19
7882.63
7882.93
7883.84
7883.88
7885.62
7885.8
7886.09
7886.83
7888.4
7888.74
7889.01
7889.39
7889.78
7890.14
7890.72
7890.93
7891.29
7891.31
7892.51
7892.6
7900.03
7900.07
7911.51
7912.17
7917.83
7918.02
7918.09
7918.39
7918.45
7918.5
7938.75
7938.92
7939.15
7939.4
7939.86
7940.27
7941.14
7941.85
7942.07
7942.15
7947.57
7948.1
7950.38
7950.45
7952.56
7953.11
7953.11
7953.78
7953.82
7954.06
7954.2
7954.23
7954.26
7954.31
7954.8
7955.02
7955.49
7955.5
7957.38
7957.7
7962.58
7962.65
7963.37
7964.54
7964.8
7964.92
7965.23
7965.88
7965.94
7966.22
7966.39
7966.87
7967.8
7967.99
7968.25
7968.48
7969.41
7969.61
7970.32
7970.4
7970.79
7971.51
7973.65
7973.71
7974.15
7974.48
7975.1
7975.28
7975.61
7975.66
7976.83
7977.18
7977.36
7977.63
7978.05
7978.24
7978.93
7979.47
7979.73
7979.82
7981.03
7981.71
7983.05
7983.11
7983.16
7983.31
7983.42
7983.72
7983.99
7984.03
7984.14
7984.55
7984.91
7985.1
7987.17
7987.38
7987.48
7987.73
7987.96
7988.21
7988.3
7988.68
7989.04
7990.05
7990.42
7990.48
8001.23
8001.54
8001.74
8002.73
8002.83
8002.9
8003.88
8003.88
8003.93
8003.95
8003.97
8003.97
8004.36
8005.14
8005.37
8005.72
8006.3
8006.93
8007.02
8007.03
8014.02
8014.32
8014.54
8014.77
8015.14
8015.58
8016.93
8017.4
8020.75
8020.86
8022.91
8023.73
8024.67
8024.69
8028.79
8029.11
8029.27
8029.86
8031.37
8031.38
8031.47
8031.52
8032.05
8032.42
8032.5
8032.97
8034.38
8034.5
8041.7
8041.8
8042.35
8042.4
8044.6
8044.71
8045.15
8045.82
8054.77
8054.78
8054.88
8055.01
8067.27
8067.46
8067.64
8068.01
8069.07
8069.18
8072.41
8072.72
8073.82
8075.07
8078.14
8078.23
8082.67
8082.71
8083.17
8083.33
8083.54
8083.74
8089.34
8089.78
8093.39
8093.78
8094.13
8094.39
8095.65
8095.91
8096.09
8096.26
8096.95
8097.02
8097.66
8098.14
8104.1
8104.32
8109.22
8109.74
8114.25
8114.8
8117.04
8117.05
8117.52
8117.75
8117.96
8118.67
8121.93
8121.99
8122.08
8122.22
8125.67
8126.02
8126.97
8127.17
8127.48
8127.5
8127.7
8127.72
8128.08
8128.16
8128.39
8128.55
8129.14
8129.2
8129.45
8129.46
8129.95
8130.59
8130.69
8130.92
8131.13
8131.53
8132.24
8132.87
8133
8133.07
8133.12
8133.4
8133.9
8133.92
8134.48
8134.96
8137.32
8137.55
8137.59
8137.97
8138.3
8138.38
8138.44
8138.48
8138.54
8139.8
8139.96
8140.32
8141.01
8141.12
8141.19
8141.81
8142.93
8144.62
8145.66
8146.24
8147.09
8147.75
8148
8148.1
8149.05
8149.43
8159.84
8159.89
8160.29
8160.59
8160.9
8161.3
8161.54
8162.12
8163.27
8163.66
8165.49
8165.68
8166.2
8166.37
8166.65
8166.78
8174.22
8174.41
8175
8175.05
8182.39
8182.69
8183.42
8183.83
8184.37
8184.39
8184.67
8184.95
8192.15
8193.06
8197.39
8197.84
8200.24
8200.27
8205.34
8205.45
8205.74
8205.83
8205.84
8206.05
8208.44
8208.73
8211.37
8212.04
8212.53
8212.54
8213.55
8214.03
8214.31
8214.32
8220.64
8220.71
8220.78
8221.71
8221.72
8222.33
8226.47
8227.4
8229.83
8230.11
8234.05
8234.16
8235.03
8235.24
8236.51
8237.06
8237.07
8237.62
8238.21
8238.25
8238.72
8238.83
8241.46
8241.53
8245.3
8247.05
8247.27
8248.15
8248.59
8249.08
8249.44
8250.19
8250.28
8250.37
8250.88
8251.34
8256.14
8256.41
8256.62
8256.81
8256.81
8256.85
8257.43
8258.26
8258.52
8258.78
8259.25
8259.28
8260.18
8260.75
8260.78
8261.82
8261.91
8262.26
8262.36
8262.4
8262.7
8262.8
8262.81
8263.07
8263.39
8264.12
8264.18
8264.27
8267.48
8267.54
8269.09
8269.42
8269.5
8269.71
8269.74
8270.29
8270.58
8271.14
8271.71
8272.24
8279.59
8279.6
8279.69
8280.54
8280.7
8280.79
8280.9
8281.22
8281.4
8281.6
8281.83
8281.89
8282.15
8282.18
8282.44
8283.05
8284.22
8284.28
8284.92
8285.09
8285.3
8286.32
8291.03
8291.21
8291.38
8291.52
8292.02
8292.03
8292.34
8292.39
8292.51
8293.04
8293.26
8293.75
8294.41
8294.8
8295.29
8295.52
8295.55
8295.57
8295.58
8295.73
8295.73
8296.01
8299.88
8300.28
8304.49
8304.59
8304.62
8304.75
8304.84
8304.93
8305.25
8305.34
8305.62
8306.29
8306.52
8306.77
8307.31
8307.4
8310.03
8310.73
8312.98
8313.35
8313.81
8314.18
8314.21
8314.28
8316.5
8317.49
8319.23
8319.33
8319.41
8319.42
8326.98
8327.49
8328.65
8328.98
8329.1
8329.19
8330.05
8330.34
8334.67
8334.75
8335.11
8335.29
8335.47
8335.91
8336.27
8336.34
8336.69
8336.93
8337.48
8337.75
8338.57
8339.24
8339.41
8339.79
8340.32
8340.36
8347.18
8347.38
8350.72
8350.87
8364.48
8364.67
8368.82
8369.04
8369.08
8369.1
8369.95
8370.36
8371.14
8371.49
8371.77
8371.85
8372.47
8372.88
8373.1
8373.26
8374.58
8374.79
8377.24
8377.45
8377.76
8377.95
8394.84
8394.85
8394.92
8394.94
8395.94
8396.19
8397.35
8397.4
8397.55
8397.61
8398.22
8398.65
8414.68
8414.73
8417.48
8417.56
8424.5
8424.77
8429.72
8429.78
8429.79
8429.98
8433.47
8433.56
8433.57
8434.03
8434.23
8434.99
8435.01
8435.07
8435.51
8435.99
8445.43
8445.77
8445.92
8446.02
8447.87
8448.19
8448.32
8448.56
8465.32
8466.73
8476.12
8476.58
8476.66
8477.03
8482.47
8483.08
8483.32
8483.43
8483.63
8483.7
8483.82
8484.23
8484.31
8484.5
8484.98
8485
8485.1
8485.23
8493.43
8493.78
8493.83
8493.96
8493.99
8494
8496.48
8496.69
8499.11
8499.12
8503.5
8503.55
8503.56
8503.71
8504.01
8504.91
8505.01
8505.32
8509.66
8509.89
8510.1
8510.12
8510.15
8510.17
8510.58
8510.97
8516.33
8516.54
8516.66
8517.12
8517.55
8518.16
8518.58
8519.16
8519.67
8519.7
8521.79
8521.8
8522.54
8522.71
8533.59
8535.17
8535.21
8535.32
8535.76
8536.14
8536.41
8536.66
8536.67
8536.89
8537.05
8537.13
8537.39
8537.94
8543.15
8543.61
8543.79
8543.81
8544.19
8544.21
8544.26
8544.5
8545.08
8546.53
8546.74
8547.17
8547.84
8547.9
8548.88
8549.55
8549.72
8549.93
8550
8550.09
8550.56
8550.64
8550.67
8551.22
8551.5
8551.96
8552.05
8552.43
8552.47
8553.33
8553.71
8553.84
8563.34
8564.16
8567.98
8568.17
8568.88
8568.99
8569.87
8570.17
8570.62
8570.68
8570.71
8571.1
8572.02
8573.03
8580.2
8580.23
8587.85
8588.31
8588.59
8589.17
8589.21
8589.3
8589.6
8590.16
8590.3
8590.39
8590.55
8590.61
8591.06
8591.11
8591.18
8593.64
8593.91
8594.3
8594.32
8595.04
8595.72
8595.92
8596.21
8596.45
8596.81
8597.03
8598.08
8598.45
8598.56
8598.94
8598.96
8599.13
8599.49
8600.17
8605.74
8606.58
8611.26
8612.01
8615.17
8615.25
8615.31
8615.61
8617.75
8617.76
8617.97
8618.82
8619.43
8620.1
8620.29
8620.4
8624.17
8625.04
8625.42
8626.02
8627.03
8627.22
8627.28
8627.78
8633.24
8633.27
8636.77
8636.91
8644.07
8644.1
8644.66
8644.8
8645.1
8645.49
8645.7
8646.09
8647.86
8648.11
8648.21
8648.45
8649.54
8649.64
8649.67
8649.78
8650.37
8650.39
8651.09
8651.8
8651.86
8651.93
8651.97
8652
8652.34
8653.18
8653.31
8653.7
8654.42
8654.51
8656.33
8656.4
8656.57
8656.6
8664.05
8665.22
8666.7
8667.33
8667.5
8668.38
8669.71
8669.71
8669.77
8669.81
8669.82
8669.88
8669.9
8670.1
8670.43
8670.51
8673.3
8673.36
8675.05
8675.23
8676.14
8676.7
8676.7
8676.82
8677.13
8677.98
8678.89
8679.26
8679.33
8679.54
8679.54
8680.46
8682.87
8682.97
8683.75
8683.79
8684.04
8684.35
8684.58
8684.67
8690.09
8690.52
8690.64
8690.72
8695.7
8695.85
8695.89
8695.97
8696.5
8696.52
8702.98
8703.27
8713.29
8713.49
8713.86
8714.23
8714.43
8714.62
8716.34
8716.53
8720.63
8721.24
8725.57
8725.64
8728.62
8729.65
8729.67
8730.08
8730.12
8730.3
8736.52
8736.82
8737.04
8737.45
8739.1
8739.16
8739.23
8739.41
8739.43
8739.6
8739.8
8739.82
8739.94
8740.07
8740.21
8740.44
8741.16
8741.58
8741.84
8741.99
8742.19
8742.56
8742.81
8743.14
8743.63
8743.73
8743.92
8743.98
8744.21
8745.27
8745.88
8746.06
8746.25
8746.41
8748.8
8750.89
8751.1
8751.97
8752.08
8752.16
8752.93
8752.97
8757.91
8758.01
8758.05
8758.05
8760.1
8760.74
8765.12
8765.92
8766.19
8766.74
8781.34
8781.35
8781.81
8782.04
8782.06
8782.17
8782.4
8782.56
8782.95
8783.23
8783.55
8783.66
8783.99
8784
8784.72
8785.2
8785.23
8785.72
8785.99
8786.97
8787.12
8787.35
8792.42
8793.06
8796.27
8796.69
8803.12
8803.42
8804.14
8805.13
8805.28
8805.52
8805.67
8805.93
8806.2
8806.26
8806.54
8806.69
8806.73
8807.45
8807.56
8808.04
8808.06
8808.27
8808.69
8810.1
8810.12
8810.3
8810.53
8810.9
8811.72
8812.12
8812.21
8812.25
8812.39
8812.45
8812.53
8812.59
8815.23
8815.23
8820.37
8820.4
8820.86
8821.06
8829.75
8830.01
8830.21
8830.45
8830.47
8830.99
8831.65
8832.22
8832.24
8832.43
8832.69
8834.68
8835.68
8835.68
8835.77
8836.34
8837.47
8837.66
8838.47
8840.17
8840.28
8840.3
8848.8
8848.99
8852.06
8852.59
8857.84
8858.19
8859.26
8859.44
8859.95
8860.21
8860.58
8861.52
8861.78
8862.68
8862.76
8863.5
8863.67
8864.27
8865.73
8865.91
8866.95
8867.12
8867.58
8867.62
8868.07
8868.95
8870.42
8870.6
8870.61
8870.75
8878.9
8879.5
8880.44
8880.74
8881.15
8881.33
8881.51
8881.94
8882.44
8882.45
8882.81
8882.84
8883.07
8883.11
8883.22
8883.44
8884.82
8884.97
8885.39
8886.24
8886.65
8886.7
8887.04
8887.08
8892.52
8892.63
8893.08
8894.87
8900.33
8900.35
8904.32
8904.33
8904.75
8905.24
8905.4
8905.97
8906.13
8907
8907.05
8908.19
8908.73
8909.01
8909.43
8909.63
8909.64
8910.26
8910.39
8910.74
8911.2
8911.41
8911.49
8911.72
8912.18
8912.51
8914.41
8914.47
8916.65
8916.99
8917.07
8917.43
8917.62
8917.7
8929.05
8929.09
8929.2
8929.57
8929.8
8929.84
8930.63
8930.65
8931.04
8932.56
8940.56
8940.6
8940.62
8940.82
8941.24
8941.41
8942.39
8942.62
8942.87
8943.48
8943.58
8943.92
8943.96
8944.76
8944.84
8945.02
8951.56
8951.59
8951.66
8952.69
8957.49
8957.96
8958.38
8958.53
8959.58
8959.87
8964.33
8964.68
8964.76
8965.05
8973.06
8973.16
8973.51
8973.73
8973.77
8974
8975.87
8976.01
8976.99
8977.03
8980.13
8981.01
8981.51
8981.91
8982.35
8982.4
8982.4
8982.41
8982.83
8982.85
8985.32
8985.94
8985.95
8987.24
8987.29
8987.36
8989.62
8990.27
8991.2
8991.51
8991.51
8991.53
8991.61
8992.11
8992.12
8992.56
8993.21
8993.25
8993.38
8993.46
8993.6
8993.61
8993.73
8993.74
8994.5
8995.48
8996.17
8996.19
8996.61
8997.1
8997.24
8997.33
8999.66
9000.04
9002.02
9002.04
9002.29
9002.72
9003.3
9003.49
9003.74
9004.03
9004.47
9004.92
9010.64
9010.95
9010.96
9011.19
9011.67
9011.98
9012.15
9012.82
9013.08
9013.31
9013.37
9013.73
9017.18
9017.73
9019.18
9019.44
9019.55
9019.69
9023.37
9023.98
9024.07
9024.14
9024.25
9024.73
9024.78
9025.02
9025.41
9025.61
9026.32
9026.35
9026.96
9027.14
9035.85
9035.92
9036.91
9037.02
9038.92
9039.6
9039.74
9039.83
9039.97
9040.3
9040.41
9040.5
9042.15
9042.31
9044.36
9044.67
9045.27
9045.36
9045.62
9045.85
9046
9046.54
9050.65
9051.02
9051.05
9051.12
9055.19
9055.59
9059.3
9059.31
9069.28
9069.67
9069.76
9070.29
9070.38
9070.47
9075.89
9076.11
9076.23
9076.37
9076.55
9076.56
9083.26
9083.54
9086.66
9086.96
9087.81
9088.06
9100.99
9101.12
9103.47
9103.98
9106.92
9107.6
9140.72
9142.59
9143.28
9143.58
9151.28
9151.4
9156.38
9158.71
9172.63
9172.67
9172.83
9173.44
9173.55
9174.17
9179.56
9180.37
9180.48
9180.59
9183.23
9183.32
9183.55
9183.76
9184.14
9184.37
9184.43
9184.68
9185.68
9185.96
9186.53
9186.7
9186.88
9187.21
9190.52
9190.76
9191.54
9191.66
9192.81
9193.07
9193.21
9193.23
9193.72
9193.8
9194.99
9195.18
9197.43
9197.58
9197.66
9197.8
9197.99
9198.33
9198.38
9198.7
9199.59
9199.91
9200.22
9200.66
9204.33
9204.59
9205.03
9205.03
9205.35
9205.44
9206.09
9206.96
9210.9
9210.92
9222.74
9223.53
9223.56
9223.73
9223.75
9224.18
9226.3
9226.79
9226.99
9227.03
9227.7
9227.99
9228.17
9228.51
9228.6
9228.66
9231.72
9232.83
9233.91
9234.13
9236.66
9236.77
9237.11
9237.76
9237.86
9238
9239.54
9240.05
9240.51
9240.53
9242.72
9243.05
9243.41
9243.45
9243.58
9243.85
9244.55
9244.68
9245.85
9246
9246.02
9246.48
9248.81
9248.86
9250.64
9250.88
9251.37
9251.83
9252.25
9252.62
9253.56
9253.99
9254.17
9254.45
9254.68
9254.77
9254.8
9255.07
9255.44
9255.96
9257.37
9258.02
9258.41
9258.83
9264.04
9264.05
9266.04
9266.43
9266.48
9267.13
9267.37
9267.52
9268.12
9268.3
9268.42
9268.57
9269.49
9269.8
9270.69
9270.78
9270.97
9271.36
9271.53
9271.9
9272.19
9273.45
9273.9
9274.08
9275.78
9275.99
9276.28
9276.9
9277.26
9277.3
9277.6
9277.66
9277.88
9278.19
9278.22
9278.64
9279.48
9279.69
9279.77
9279.86
9279.89
9280.68
9280.96
9281.18
9281.45
9281.88
9282.08
9282.46
9282.77
9282.95
9282.99
9283.55
9290.68
9290.74
9290.8
9290.86
9291.1
9291.71
9291.73
9292.04
9292.08
9292.37
9292.83
9293.22
9293.62
9293.8
9301.4
9301.59
9302.78
9302.83
9311.41
9311.88
9312.27
9312.66
9313.09
9313.14
9314.11
9314.2
9323.92
9323.95
9324.38
9324.91
9324.98
9325.21
9325.31
9325.34
9325.38
9325.81
9326.1
9326.35
9327.45
9327.51
9327.77
9328.19
9334.28
9334.34
9334.47
9335.02
9341.78
9341.79
9342.41
9342.79
9342.85
9342.94
9342.97
9343.7
9345.34
9346.4
9346.74
9347.05
9347.08
9347.4
9347.7
9348.03
9353.57
9353.77
9353.97
9354.17
9354.87
9355.19
9355.79
9355.91
9356
9356.01
9359.37
9359.67
9364.29
9364.37
9364.58
9365.05
9366.82
9367.97
9380.07
9380.19
9380.29
9380.38
9380.54
9381.05
9381.14
9381.16
9381.43
9381.98
9382.31
9382.63
9397.64
9397.75
9397.75
9398.9
9399.9
9399.96
9406.38
9407.39
9409.27
9409.32
9413.16
9413.35
9413.38
9413.42
9413.69
9414.23
9414.96
9415.04
9415.21
9415.65
9415.89
9416.14
9416.24
9416.79
9417.89
9418.16
9419.55
9419.95
9420.02
9420.32
9422.5
9422.86
9423.21
9423.61
9424.06
9424.2
9424.4
9424.43
9424.49
9425.1
9425.17
9425.28
9425.65
9425.66
9425.68
9425.76
9433.54
9434.18
9434.35
9435
9435.11
9435.26
9435.43
9437.66
9437.73
9437.77
9440.01
9440.05
9440.56
9440.57
9440.62
9440.68
9441.6
9441.68
9441.7
9442.01
9442.21
9442.73
9444
9444.16
9444.33
9444.67
9445.62
9446.34
9446.39
9446.5
9446.91
9447.56
9448.12
9448.18
9448.25
9448.33
9448.42
9449.47
9449.63
9449.71
9450.07
9450.15
9450.46
9450.67
9450.75
9450.92
9452.08
9452.25
9452.38
9452.62
9453.33
9453.57
9454.25
9454.28
9457.65
9457.67
9458.71
9458.98
9459.92
9460.85
9461.2
9461.53
9461.53
9461.85
9463.53
9463.55
9477.23
9477.59
9478.48
9478.6
9478.89
9478.92
9481.67
9481.77
9483.12
9483.43
9485.31
9485.33
9489.05
9489.28
9489.32
9489.87
9489.9
9490.32
9490.33
9490.9
9490.98
9491.04
9491.14
9491.3
9494.33
9494.43
9495.91
9495.95
9499.02
9499.27
9500.52
9500.65
9500.73
9501.45
9513.59
9513.59
9521.99
9522.27
9522.44
9522.81
9522.99
9523.35
9523.72
9524.86
9525.77
9525.98
9526.22
9527.7
9528.03
9528.87
9529.94
9530.28
9530.55
9530.57
9530.79
9530.81
9531.34
9531.47
9532.78
9532.92
9533.1
9533.12
9533.16
9534.3
9534.57
9534.71
9535.9
9536.02
9536.05
9536.27
9537.33
9537.41
9537.47
9538.24
9538.29
9539.66
9539.67
9540.18
9540.58
9540.61
9541.37
9541.57
9542.11
9542.35
9542.67
9542.67
9543.11
9543.36
9543.74
9543.84
9543.86
9544.01
9545.05
9545.11
9545.52
9545.6
9545.65
9546.03
9546.08
9546.33
9546.52
9546.9
9546.92
9547.15
9547.67
9548.49
9548.94
9549.01
9549.2
9549.48
9549.54
9550.19
9550.21
9550.46
9550.48
9550.63
9550.69
9550.87
9551.4
9551.85
9552.66
9553.22
9553.4
9553.9
9554.23
9554.33
9554.78
9554.93
9555.33
9555.46
9555.65
9556.13
9556.9
9557.06
9557.07
9557.18
9566.81
9567.5
9567.99
9568.67
9569.38
9570.4
9570.64
9571.11
9571.66
9573.89
9584.05
9584.43
9586.87
9586.94
9604.62
9604.71
9605.51
9605.71
9605.82
9605.95
9611.63
9612.08
9612.3
9614.13
9614.15
9614.87
9615.36
9615.43
9620.3
9620.48
9621.66
9622.18
9622.2
9622.76
9625.59
9626.07
9626.87
9627.63
9628.05
9628.08
9628.86
9629.51
9629.59
9630.03
9634.09
9634.17
9634.24
9634.68
9635.36
9635.63
9646.12
9646.29
9646.53
9646.66
9647.02
9647.33
9648.06
9648.26
9652.05
9652.11
9652.51
9652.75
9652.92
9654.09
9655.15
9656.37
9656.49
9656.63
9658.42
9658.42
9660.35
9660.68
9661.19
9661.38
9662.83
9662.83
9665.54
9665.58
9667.48
9667.57
9667.79
9668.12
9668.31
9668.66
9672.07
9672.11
9672.35
9672.38
9672.46
9673.25
9673.44
9673.58
9674.09
9674.3
9674.35
9674.85
9679.65
9679.96
9680.03
9680.11
9682.84
9683.63
9684.31
9684.36
9684.36
9684.51
9684.63
9684.81
9685.22
9685.28
9685.42
9685.56
9685.58
9685.62
9685.75
9685.97
9687.38
9687.63
9688.26
9688.31
9695.66
9696.49
9702.75
9702.84
9708.89
9710.49
9710.63
9710.82
9712.1
9712.14
9712.3
9712.5
9712.53
9713.53
9716.58
9716.62
9717.59
9718.59
9718.65
9718.91
9719.13
9719.77
9719.88
9721.48
9722.14
9722.85
9723.01
9723.05
9723.17
9723.22
9723.49
9723.53
9723.95
9724.19
9725.09
9725.48
9734.47
9734.54
9735.65
9735.88
9736.06
9736.26
9736.64
9736.74
9738.1
9738.39
9738.6
9739.02
9739.59
9739.89
9741.09
9741.3
9741.9
9742.2
9742.48
9742.7
9743.31
9743.83
9743.97
9744.62
9749.1
9749.15
9749.21
9749.81
9750.4
9750.86
9750.87
9751.28
9751.45
9751.54
9752.18
9753.13
9753.3
9754.09
9757.21
9757.38
9757.44
9758.2
9758.53
9758.72
9762
9762.05
9764.63
9765.66
9767.61
9767.63
9767.68
9767.88
9773.86
9773.99
9774
9774.08
9774.22
9774.26
9774.58
9774.84
9774.99
9775
9775.06
9775.5
9775.57
9775.59
9787.42
9788.12
9788.39
9788.69
9789.05
9789.46
9790.12
9790.51
9792.63
9792.9
9799.58
9800.97
9801.1
9801.16
9801.68
9801.69
9802.12
9802.16
9802.25
9802.46
9803.46
9804.03
9804.74
9804.88
9804.99
9805.11
9805.28
9805.52
9805.55
9806.1
9806.59
9807.36
9810.76
9810.79
9811.48
9811.7
9813.15
9813.21
9814.91
9815.11
9817.47
9817.88
9821.62
9821.92
9821.96
9822.29
9822.83
9822.85
9823.06
9823.19
9837.24
9838.29
9842.11
9842.4
9842.91
9842.92
9852.97
9853.08
9853.66
9853.82
9863.38
9863.93
9870.94
9872.17
9872.24
9872.27
9884.09
9884.33
9889.48
9889.6
9891.44
9891.83
9896.28
9896.43
9896.65
9896.65
9897.74
9897.74
9897.87
9897.91
9898.07
9899.33
9899.49
9900.02
9900.72
9900.99
9901.27
9902.63
9902.84
9903
9903.2
9903.54
9903.7
9903.74
9904.93
9905.56
9907.49
9907.69
9911.11
9912.35
9912.47
9912.75
9912.98
9913.02
9913.55
9913.58
9914.19
9914.33
9918.41
9918.54
9922.99
9923.76
9924.42
9924.72
9924.97
9924.99
9925.29
9925.45
9927.47
9928.1
9928.15
9928.17
9930.08
9930.88
9931.36
9931.61
9941.05
9941.14
9944.05
9944.06
9951.35
9951.68
9957.69
9958.09
9966.94
9966.96
9969.24
9970.05
9970.22
9970.94
9971.65
9972.05
9972.83
9973.33
9973.37
9973.88
9977.68
9977.91
9978.1
9978.19
9978.36
9978.58
9982.41
9982.72
9982.81
9983.33
9983.56
9983.62
9983.73
9984.25
9984.49
9984.68
9984.77
9984.89
9988.44
9988.56
9989.23
9989.71
9989.75
9990.1
9990.29
9990.33
9990.8
9991.09
9991.57
9991.69
9991.75
9991.82
9993.02
9993.3
9996.08
9996.45
9996.91
9997.04
9997.24
9997.32
9997.32
9998.09
9998.16
9998.41
