0.139566
1.5836
0.0815823
4.33034
1.22416
0.988931
0.305655
0.350744
0.0351128
0.087984
1.2911
0.525734
0.892723
1.52007
0.574343
1.31444
0.662067
1.36594
0.201938
0.070779
0.505436
0.595361
4.01126
0.411664
0.962121
1.73658
1.93184
0.698704
1.11235
1.34308
0.575529
0.251044
0.034711
0.590473
2.71069
1.26381
0.601996
0.684994
2.44363
0.452944
0.431094
0.978764
0.613321
0.684765
1.7802
0.11094
0.158256
2.66759
1.47672
0.0758483
0.48112
1.25226
0.721158
0.374107
0.843805
0.878975
1.04078
0.0200591
1.00141
1.05596
0.484287
0.0314955
0.464103
1.61473
0.0351353
0.0190341
0.190696
0.367232
0.0680816
0.17263
0.816385
0.195387
0.307227
1.43967
0.0722854
1.22198
0.665866
0.487976
0.0164881
1.3714
0.697035
2.25963
0.791188
0.241143
0.575301
0.0128537
0.860413
0.341184
0.365563
1.73976
0.0568611
1.93691
0.149215
1.42153
0.079608
1.04362
0.220813
0.762857
0.406683
0.967555
1.61035
0.852814
0.545153
0.0372964
0.245261
0.501826
0.633449
1.49314
0.204227
0.607766
1.03061
0.438967
0.674544
3.98929
3.25629
0.198921
0.187023
0.29742
3.7021
0.698309
1.55252
2.13624
1.53756
0.921077
0.375718
0.698976
2.31069
1.16323
0.0955081
0.710435
0.597992
0.0193925
0.525067
0.221226
0.25218
1.35177
0.163878
2.45337
0.0707533
2.87348
0.0571157
1.036
0.134906
0.565979
0.0565705
0.918946
0.531787
1.30038
0.245843
0.289961
0.271859
1.49227
1.53194
0.410296
3.90086
2.10243
1.54796
0.42424
1.17514
0.424418
1.5165
3.34332
0.0580871
0.457918
0.157562
4.55048
0.209287
0.900986
0.707246
0.243079
1.49316
2.98707
1.30193
1.54851
0.0636453
0.167071
0.0105799
0.740777
0.202604
0.632003
0.876887
1.21464
0.41148
0.172056
0.664045
1.79357
0.358648
0.189504
2.81601
2.04465
1.5911
0.797332
1.78433
0.54506
0.208473
0.0288508
1.44885
0.517593
0.0408387
0.501758
0.256266
1.18259
0.00117932
0.0307937
0.401412
0.241528
0.793799
0.217225
1.12256
0.0176435
0.0624479
0.725126
1.47338
1.71624
1.36996
0.224646
0.872627
0.727683
2.40279
0.643934
1.04966
0.171904
0.0651786
1.28411
0.375313
2.2562
0.480115
2.0113
0.737494
0.509398
7.33913
0.585931
1.38575
0.27862
1.06908
2.5969
0.677998
1.41993
0.20108
1.31973
1.98777
1.91847
0.397682
0.659673
1.53265
0.368282
0.574215
3.13113
0.311766
0.0318403
0.624284
0.317856
0.351498
1.56437
1.83356
1.5747
1.55211
2.40259
1.10948
0.277154
0.183309
0.565751
1.55719
0.781975
0.0201165
0.298836
0.163374
2.05851
0.418815
1.38928
0.0653552
0.58241
2.2325
0.357656
1.48004
0.662254
0.135619
0.469541
2.1366
3.64143
0.264786
0.736102
0.134623
0.805613
1.41536
1.90426
3.65132
0.20413
0.393827
0.658077
0.893067
0.0216342
3.17251
0.614672
1.00291
4.75485
0.648647
1.0064
0.50116
0.940714
0.711316
0.0240152
1.54904
0.688448
0.865586
0.137515
1.13026
0.141438
1.6248
1.29742
0.0563661
0.363652
1.10339
0.999077
0.808443
1.63967
0.531058
2.52935
1.67299
1.7397
0.675432
0.142509
0.194543
0.833848
1.04024
2.78574
0.291751
0.89559
0.066518
1.44684
1.5964
0.470233
0.129889
2.40714
0.602043
0.861131
0.274733
0.933779
1.76527
0.776148
0.381309
0.847088
0.558821
0.691976
0.309915
0.705121
2.40739
0.0192863
0.150977
0.0843691
0.228144
0.147901
0.4315
2.13422
3.36068
1.34732
0.667771
1.74495
2.05765
1.03226
0.249487
0.78634
0.314992
2.3867
1.65834
0.275203
1.06947
1.93735
1.17205
0.704144
0.71757
0.386777
1.1166
0.958424
3.65203
0.939613
0.24542
1.55959
1.91113
1.14141
0.38455
2.46389
0.683506
0.0512903
0.636509
0.284171
4.6168
2.36595
0.265597
0.865305
0.239192
2.96543
2.20775
0.45952
0.252339
0.590046
1.20625
0.427573
0.688901
0.00843607
0.283945
0.0981545
0.717226
0.887484
0.466227
0.0697808
0.180115
0.202896
0.240685
0.986345
0.782906
1.50982
1.76917
0.700659
0.765357
4.43535
2.51202
0.287115
1.54301
2.63398
0.150245
0.168294
0.688028
1.64088
0.717777
0.139837
0.833992
1.29569
0.552803
0.0662801
0.849372
0.238482
1.30148
0.151308
0.12113
3.10391
0.54889
1.00129
3.65214
0.322178
0.592591
1.08789
1.02339
1.61885
0.0504551
0.56281
1.10743
2.08882
0.302068
0.525001
0.493801
0.185312
3.18241
0.0106847
0.595605
0.0192048
0.0290731
0.255895
1.23128
4.51718
0.116489
1.27821
3.90672
0.153388
0.592832
2.47289
0.109111
0.767449
0.394177
0.730234
2.06731
0.569081
0.935252
0.0419961
0.364981
1.34162
1.94482
1.49762
1.38015
0.152231
0.82548
1.35924
0.409325
0.677979
2.91564
0.108844
0.342708
2.17211
2.12896
0.795793
0.824478
3.55224
0.486982
0.164446
0.379739
3.66588
0.251261
0.209633
1.44607
2.85596
0.0894444
0.565302
1.80923
1.23795
2.18805
0.522519
0.221924
0.0797888
1.00254
0.131875
0.125017
1.23601
0.49399
1.47995
1.07412
0.30272
1.92794
2.20049
1.36074
0.234899
0.0108923
0.680322
0.766646
2.43386
0.480111
1.16113
1.13721
0.48495
0.461363
0.261
2.14327
0.341534
0.231435
0.868724
0.407932
1.06545
3.83777
2.34782
0.654771
1.63322
0.293906
0.808534
0.980324
0.00515807
1.66272
0.727117
2.24569
0.413324
2.79291
0.395744
0.0313212
0.341034
1.96642
3.09273
0.774685
0.797917
1.28826
0.17303
1.10312
0.793411
1.22191
1.64949
1.36166
0.20938
1.17846
1.10997
0.419928
0.384954
0.073705
0.196317
1.65896
0.529525
0.107538
1.05306
0.963326
3.11056
0.494794
0.683908
0.0802846
0.0924383
3.03729
2.05349
2.09515
2.60327
0.460782
0.396775
4.13703
0.129983
0.787105
2.30173
0.476301
0.151003
0.790392
0.213135
0.141974
1.40209
0.047935
2.40932
0.403033
0.293804
1.94781
0.4664
0.427381
2.14946
0.0546597
0.683125
2.92367
4.20061
0.219053
1.3037
1.35823
0.467307
0.160714
0.657316
0.697846
0.546337
3.92906
0.704781
1.51384
0.457321
0.63775
1.35734
0.528203
0.413318
1.23434
0.165935
0.406815
0.914856
0.320361
0.00474576
0.320963
0.714256
0.750427
0.142918
1.4022
1.2403
0.667615
1.10397
3.11297
0.0203006
1.58142
1.32515
2.60847
0.814143
0.332137
0.951423
0.995417
0.855471
1.00503
2.14964
0.411329
0.741055
1.00307
0.0175256
1.96059
1.70288
0.710642
3.19728
0.143469
1.81762
2.09979
0.177723
1.03311
1.01592
1.49189
0.92469
0.209773
2.12756
0.333065
0.291777
0.679729
0.667192
0.28862
0.762035
0.178553
0.697535
0.934168
0.254524
0.661898
1.16633
1.48101
0.440969
0.833088
0.399348
1.07295
0.815886
0.391377
1.39835
1.43884
0.478905
1.69732
0.0850575
1.97574
0.0954148
0.532801
1.1643
1.56227
0.557824
0.375817
2.14099
1.71501
1.78534
2.3906
0.372482
0.141041
1.03502
0.669264
0.850505
2.09515
1.47761
1.54345
0.828296
0.410606
0.383725
2.07924
0.0236034
1.12915
1.18916
2.31371
1.72269
1.54998
1.16166
0.183358
0.588609
1.31079
5.49119
0.0550425
0.23704
0.30652
1.39049
0.336441
1.21565
3.77398
0.666583
0.0493327
2.49708
0.701121
0.0920036
0.57442
1.00153
0.422827
0.237597
1.42117
0.690462
1.46297
1.09297
0.193755
0.420692
0.380263
0.303713
0.210344
0.221329
0.509874
1.04282
0.63861
0.778279
0.667564
0.87955
0.773939
0.300113
0.49146
0.246071
1.45922
1.78635
0.141585
1.6013
0.30101
0.265435
2.72749
0.483321
0.0447062
0.0447302
1.45332
0.0015321
0.133146
0.351526
0.00876068
1.55556
2.10918
0.751257
1.22696
0.891985
0.337516
0.819512
2.46185
0.759196
0.723413
0.65946
1.01088
0.0672839
0.417007
0.480296
1.93044
3.63396
2.51402
0.298145
0.179921
1.89522
0.496527
1.14894
0.671671
0.797558
1.85881
1.10821
0.500481
0.104053
0.112699
0.295707
0.690331
0.88108
2.23855
0.379142
0.646576
0.715333
1.55684
0.0831341
0.161974
0.116194
0.87123
2.15615
0.199566
0.154997
0.568698
0.993503
1.92912
1.08095
0.510399
0.629482
0.605455
0.253002
1.56055
0.21452
1.32317
0.112027
2.06918
2.07451
4.01924
3.22405
0.558143
0.199051
0.19912
0.598743
0.994753
2.88466
1.40561
0.44172
1.59061
0.573107
0.54687
1.05032
0.611882
1.94862
0.984274
0.0275499
0.340069
0.808696
0.0822605
0.55391
0.461646
0.595851
2.11008
0.000822583
0.362162
0.210629
1.32966
0.0759356
1.10088
0.734434
1.5376
0.780989
0.371139
0.459653
0.683473
0.323652
6.83643
0.165113
0.186524
3.2484
2.34632
1.63052
0.78802
2.56772
0.55772
0.0170223
3.69234
0.548965
2.10988
0.230979
1.27085
2.43149
0.673701
1.17803
1.70188
1.4441
0.329153
0.910858
0.0628952
3.48014
0.300142
3.54877
0.812099
0.361183
0.646226
0.972989
0.484311
0.614668
0.527579
0.195465
1.91213
1.06133
0.23729
1.95591
1.82
0.220606
0.323983
0.645134
1.31537
0.771091
1.12811
0.146832
0.628904
0.307093
2.52166
0.203689
0.161986
0.904284
0.838038
1.85424
1.49369
1.68649
0.206707
0.0952002
0.797418
0.221768
0.161252
0.275408
0.340759
2.23106
1.48577
1.42054
0.560331
0.312382
0.378862
1.49972
0.123615
0.280504
0.342729
1.86926
2.3049
0.0821849
1.06491
0.50311
0.721463
0.13644
0.386101
0.53511
0.29254
0.0781745
0.71807
1.91682
0.591578
0.138343
0.660323
0.275545
0.731886
1.1604
0.0521574
0.0274651
0.163513
3.56639
0.693932
0.143918
0.0302981
0.145923
0.376101
0.266395
1.1926
0.402163
0.291719
0.277782
4.15079
0.292065
0.337731
0.763403
0.802061
1.03914
1.89532
0.461993
0.00867239
0.340442
3.31302
0.0523819
0.151261
2.68759
1.15201
0.337125
1.26806
1.28806
0.519333
0.33016
0.530378
0.894489
0.6912
0.0425925
0.333768
0.0933694
1.62637
0.519497
0.502913
0.260602
0.600575
0.324906
4.42255
1.45987
0.785541
0.922807
1.46981
0.62514
0.186958
0.775478
1.57629
1.686
0.311809
0.452452
0.550082
1.35394
1.7416
0.890896
2.32245
1.46072
2.71283
1.6227
0.0116986
0.156603
0.200153
1.27518
0.385288
0.615524
2.14827
3.40207
0.752196
0.232437
1.10534
0.0671641
0.535842
1.77105
2.30227
0.16568
1.98051
1.29849
0.583059
2.42503
0.667857
1.33834
0.318435
0.246276
0.446869
0.867016
0.580873
0.0144306
0.390972
1.49249
1.96565
2.24378
0.499846
0.74992
0.609526
2.38685
1.45123
0.0833584
0.163282
0.0990998
2.43938
0.0351142
0.212483
0.245701
0.313411
0.157509
0.395733
0.267232
0.0189577
0.0819977
0.391142
3.66887
0.632362
1.01606
0.39546
0.773994
0.734604
3.34342
0.835827
2.56916
1.33603
0.226061
2.36835
0.437305
0.688921
0.144015
1.32568
1.85043
1.39285
0.330444
1.21455
0.62376
1.9985
3.96933
1.63125
1.89175
0.0565712
2.57001
0.353572
0.50977
2.68294
1.08953
3.74429
1.25689
0.958111
0.912508
0.32392
1.39324
3.45956
2.46657
1.33725
0.199423
0.503525
0.00721238
0.350084
0.664592
1.4532
1.95265
2.61297
0.305988
2.36918
2.26442
0.148673
0.290103
0.223261
1.69366
1.57409
0.851241
1.49401
2.03758
1.53573
1.19599
1.56716
0.134729
0.0616854
0.980498
0.371116
0.22403
0.636656
1.5264
0.315794
3.03137
4.50235
0.16182
0.0561662
1.04018
1.38384
0.0925423
0.151139
0.100404
0.583768
0.523718
0.444129
0.297485
0.80614
0.142169
0.269289
1.6608
2.83282
0.696686
2.7479
0.213053
0.303246
1.13947
0.342085
0.946094
1.32704
1.16731
0.557499
0.750982
1.4124
0.0590957
0.682449
0.0994978
1.94084
1.17803
3.40422
0.0806094
0.674991
0.622529
0.0631389
1.34692
0.212333
0.0139106
1.33602
0.217868
0.791361
0.332172
1.55267
1.31171
0.768008
0.286691
0.772415
0.904613
1.20291
0.50735
0.964795
1.44407
1.07951
0.505337
0.429275
0.17515
0.657252
0.6962
0.229083
1.97834
0.469103
0.189696
2.17269
1.41286
0.279222
0.529604
0.636637
0.205716
0.877875
0.386744
0.187392
0.0441574
0.242724
0.474164
0.191388
1.88991
0.447567
2.63425
0.0924491
0.341698
0.850144
0.512723
0.633626
1.29904
6.43134
1.3359
3.042
0.200725
0.680936
0.780394
0.633445
0.319329
0.0811757
0.604823
0.0691181
1.02519
0.260335
0.265506
1.66354
0.398205
0.758552
0.0685064
0.340231
1.00317
0.171304
0.90098
0.23459
2.71443
1.21106
0.166383
0.887752
3.88426
1.90846
1.3528
0.0332123
0.159014
0.523152
0.219974
0.959128
0.190149
0.151843
0.108536
1.92942
1.89281
0.00249598
2.29846
0.304905
0.20941
0.187515
1.30589
0.0202482
0.823573
0.584564
0.670412
0.247926
0.351394
0.636443
0.9334
0.236281
0.295125
0.421939
0.0367428
0.784709
2.06651
0.0115081
3.46691
0.000692061
0.183041
0.0494134
1.4539
0.250086
0.244046
0.314505
0.944023
0.555142
0.938628
1.15195
0.466732
1.30297
0.439929
0.344448
0.224217
0.78507
1.51158
0.258985
0.395041
0.896337
2.00562
1.3964
0.895086
5.13301
0.874096
0.849506
0.211623
3.14997
1.13124
0.0233815
0.144275
0.830559
0.566071
0.870101
2.69157
0.156587
2.24882
0.25983
4.79527
1.38665
0.0736287
0.169547
0.270892
0.243723
0.915168
0.375209
0.595356
0.386726
0.475452
0.354617
1.70107
0.767613
1.11448
0.105679
0.254464
2.08349
0.204885
0.189681
1.31072
0.406337
0.915009
0.44683
1.55818
0.536034
0.0912699
0.18164
1.15077
0.309945
0.339603
2.00134
1.11145
2.2456
0.295634
3.09827
0.438556
4.01276
2.0891
0.613042
1.48051
1.57254
0.288475
0.828304
1.20645
1.13753
0.795109
0.119273
1.14557
1.11779
1.7895
0.559873
0.311495
1.1268
0.425176
5.17856
4.10598
1.36332
1.49834
0.623323
0.709285
3.32981
3.93216
0.747528
0.856073
0.552168
1.15
0.122442
0.0953987
1.50397
1.03335
0.598119
3.68559
2.32454
1.57038
0.567343
0.241168
0.164768
1.75625
2.1696
1.01682
1.21068
1.58128
0.136263
2.49078
0.67136
0.133015
0.50966
0.313024
0.27934
1.03381
1.00229
0.50236
0.125215
0.0542745
0.0631799
0.137793
0.521285
0.465111
0.189398
0.36755
1.95456
1.96518
0.715093
0.43935
0.0941379
2.27544
1.70214
0.100302
0.872054
0.415024
0.0182789
0.316037
1.50699
1.83341
0.804201
0.343964
1.49582
1.02633
0.792623
1.18759
0.110697
0.408079
0.40804
1.77687
0.112263
0.0917843
1.69654
0.299382
0.521895
1.84388
0.176457
0.458338
3.81004
3.91709
0.452243
1.25674
0.351723
3.22602
0.136712
0.87682
0.103518
0.540917
0.937042
0.293784
0.248615
0.27367
0.672282
0.700037
0.0419672
0.110748
2.41554
1.67757
0.0183611
5.10543
1.31011
1.63622
1.65238
0.183288
1.02138
0.494127
0.678284
0.120022
0.963359
0.145188
0.493938
3.28909
0.263222
0.438685
3.34419
2.08489
0.318234
0.539482
0.40072
2.243
0.290908
1.45017
1.84221
1.43565
0.253372
0.183259
0.340803
0.249262
0.620782
1.12226
0.193799
0.307532
0.650222
1.64377
0.92149
2.06087
2.11134
0.595858
0.260882
1.21915
0.8602
3.62565
1.88545
0.30595
1.80595
0.0787081
0.0360731
0.0392137
1.08889
1.79181
0.521432
0.104946
0.0492169
0.651328
3.23205
1.12837
0.778445
0.502932
0.0221413
0.218334
1.12517
1.77026
0.314726
0.346378
1.34414
1.73297
0.458643
0.338528
0.480928
1.97306
1.15234
1.00848
0.850602
1.36552
0.934712
1.83585
0.510766
0.196264
2.9803
0.41955
0.234705
0.845914
3.11902
2.02338
0.902153
0.846323
0.500025
1.40035
1.29238
1.61658
0.280657
1.34127
0.737414
0.399377
0.673333
1.27759
0.190353
0.418974
0.659728
4.83358
0.685289
0.802444
0.55087
0.554022
1.02619
1.68271
0.544848
0.162418
1.04047
0.620367
1.04717
0.201899
0.388242
2.02999
0.113212
0.754168
4.42921
1.26415
0.608506
0.303975
0.825721
0.691381
0.619091
0.0563061
0.644109
1.28709
0.752608
1.19269
2.81317
0.435178
1.7585
0.0717254
0.0707377
2.95606
0.721806
0.0993737
0.383848
0.0443895
0.780015
0.162026
1.60123
0.261198
0.856871
0.604196
2.39683
0.624725
0.673302
2.498
1.75525
0.0993853
3.35097
3.56637
0.411257
0.106978
1.12641
1.91076
0.706757
0.0666963
0.862493
1.98039
1.20655
0.420021
1.51927
0.106648
0.593347
3.68087
0.735033
0.17742
1.01549
1.58959
1.29096
0.352201
0.863443
0.330774
1.10886
0.797777
0.483266
0.907298
0.264746
0.452527
0.233578
0.473568
0.270145
0.165176
1.80151
1.27684
0.497169
0.410887
0.0937681
2.32134
0.39802
0.449783
0.955351
0.358984
0.249161
0.186149
0.655493
0.0596751
0.716003
1.04267
0.14573
2.75203
0.254024
0.792182
0.234415
2.49639
0.468022
0.454028
1.05808
0.00328504
3.33388
1.20566
1.31247
1.35214
0.0916485
0.851149
0.416455
3.57946
0.951204
0.245315
0.220321
0.338618
3.54138
1.84594
0.421954
1.25817
0.746815
1.94334
0.726086
0.130762
0.0530451
0.0730716
1.86944
1.75129
1.57832
0.444329
0.530736
2.80309
0.989166
0.349952
0.138971
2.55809
1.6777
0.299172
0.674525
1.98998
1.79796
0.699417
1.02142
3.41669
1.86165
1.20222
0.359794
1.47193
0.220856
0.589608
0.0472618
0.857006
0.858245
0.280237
0.512081
0.904859
0.233501
0.599063
0.364224
0.399918
1.16196
1.16484
0.528944
1.04127
2.08047
0.266275
1.28278
0.0980787
0.52608
2.05075
0.0908404
2.51485
0.346042
1.24756
0.0177408
0.385535
0.0928311
0.674933
0.470812
0.515811
0.223841
1.70368
0.482371
0.457895
1.3849
2.46139
0.658765
0.515158
0.793361
0.36713
0.793101
1.66115
1.07229
4.93682
2.62756
1.84523
0.0574535
0.857848
1.84954
1.40109
2.12422
2.03745
0.956806
0.875285
1.51143
0.636783
0.299573
0.155405
1.89554
1.60025
2.22879
1.32975
1.10706
0.108735
0.720352
0.0836682
2.60362
2.99782
0.939113
3.45397
0.146886
1.07864
0.115562
0.14063
3.23585
0.261337
0.20658
1.743
0.946102
0.243077
0.509152
1.02732
1.94021
0.0905787
1.1286
0.0336579
0.117586
0.793341
1.04695
0.0527584
0.141836
0.399123
1.73394
1.71058
1.59531
2.9252
0.103684
0.226525
0.662279
2.68317
0.137358
0.248357
0.776974
0.0287285
0.024295
1.06241
0.429131
1.93698
2.3959
0.504279
0.661454
0.79276
1.62446
5.47104
0.626597
1.92725
0.455764
2.85833
0.927554
0.238494
3.61949
0.170655
0.578784
0.341441
1.02825
0.227144
0.32075
0.675786
0.353832
1.28269
0.359379
2.8607
2.18068
0.874438
1.752
0.564891
1.76103
0.28101
0.0797029
1.75633
0.381244
1.94295
0.120817
0.629735
3.32522
0.808927
0.41133
0.00347672
0.330277
0.671914
0.0779261
0.266544
0.726177
0.0764021
1.49448
0.489723
0.387002
2.82312
0.346659
0.482873
1.48093
0.138429
1.42443
0.828913
0.266097
3.99339
0.822999
0.493273
0.8142
0.308413
2.27608
0.92301
0.144762
0.00758717
0.586029
0.458018
0.345344
0.810668
0.916787
2.01992
0.736061
0.427655
1.83114
2.14507
0.0659736
2.45386
1.03484
1.76643
0.404498
0.868115
0.784416
1.45193
1.14666
0.52667
1.3278
2.10527
0.0158197
1.8581
1.65961
2.543
1.36317
0.865082
0.0678574
0.148842
0.877555
0.16209
2.45245
0.155483
1.19503
1.33506
2.14524
0.325417
1.1489
1.18631
1.25453
2.63792
2.31008
0.34456
0.0518142
0.388482
1.0509
0.191778
0.246698
0.334362
1.161
0.0540922
0.936106
0.630004
0.870497
0.0993096
0.150718
0.792343
0.556017
0.796599
0.407347
2.21659
0.489753
0.0866834
0.627705
0.211852
0.894568
0.412725
0.37828
0.834781
1.99252
0.229762
0.016567
1.02176
1.66973
0.384877
0.686781
0.0767132
1.36916
0.318395
0.00880822
0.0868978
2.93257
0.0470691
0.296122
0.532936
1.50012
0.172896
0.962063
0.337679
0.149185
0.0395198
3.20179
1.70483
1.46195
0.115747
0.780413
0.515422
2.13843
0.101598
0.744772
0.834221
1.0823
0.0568723
0.824551
1.54417
0.0865631
0.945851
4.42069
1.56527
0.897084
2.6115
0.111294
1.6438
0.129179
2.11096
0.0618664
0.354903
3.02894
3.29486
1.65761
1.07474
2.46961
0.529644
1.17893
0.471906
0.595367
0.0289328
0.0863434
0.191211
3.96263
0.288959
1.02727
0.933492
0.191052
2.53343
1.09841
1.01693
0.690486
0.329435
0.0277217
1.13758
1.08402
1.16155
0.223813
0.916422
0.464796
0.774086
2.26962
0.228586
3.02731
2.70564
1.52129
1.14728
0.34514
0.75569
1.55534
0.740891
1.05247
0.152859
0.754037
0.510505
1.59974
0.774293
0.348147
0.739853
6.60584
3.78104
0.160075
3.3609
0.423351
2.81579
0.96428
0.594583
2.62978
0.924581
0.663955
0.113082
0.443206
0.723517
0.158926
1.24936
0.134307
5.34071
0.105955
2.11087
0.361773
1.42306
0.00188655
1.2551
0.103668
0.287101
1.73861
0.641713
1.36146
0.222382
0.944321
1.03705
0.266793
2.30756
0.387056
0.0361029
0.521117
1.21634
0.310594
0.360971
1.98308
0.259106
1.05002
0.638009
0.275295
1.58064
1.16512
2.38209
0.386518
0.853872
1.78942
0.309125
0.663451
3.23628
0.880628
2.40162
0.0133257
1.06131
0.524814
0.343841
1.30138
3.52242
0.251192
1.64301
0.646873
2.01685
0.00305653
0.965412
3.42253
0.203883
3.68633
3.02358
0.577625
0.945988
2.19284
0.414791
1.13403
2.0132
2.30603
0.459389
2.16104
0.907433
0.785188
0.452968
2.0592
0.68956
0.348461
0.829181
0.126818
0.167424
0.252139
0.282233
0.174146
0.0942904
0.294633
0.413012
1.73932
0.801738
0.714638
4.32987
1.68237
0.68329
0.283567
0.917342
0.138498
0.362358
2.2072
1.93308
1.78937
1.26709
1.08428
0.196412
1.09623
0.668483
0.35982
0.214542
0.00012073
0.267798
0.480026
1.0046
1.01483
0.0529733
1.23727
0.264598
3.01574
0.352611
0.415068
0.0746876
2.08036
0.139272
1.07904
2.37371
0.263278
0.286514
0.091265
3.12951
2.367
0.440601
1.87474
1.08559
0.451468
1.83165
0.432874
2.52079
0.0114269
0.190133
1.11424
0.316854
2.34266
0.765204
0.917729
0.862519
0.344531
0.158849
1.65692
1.04046
0.715823
1.77044
0.926654
0.41726
1.29779
0.32715
1.45799
1.04748
0.00532171
0.821645
7.17226
0.258066
0.277921
0.385179
0.597838
2.36746
0.562953
0.245872
1.88745
1.12128
1.46246
0.0828722
1.27473
0.968417
0.125981
0.302521
0.230472
0.434236
0.361358
1.35117
3.32952
0.48069
1.38772
0.554302
1.13288
3.73649
3.74804
0.191099
1.04747
4.11513
0.544441
0.0425795
4.32494
0.126867
0.117911
0.280699
2.22056
0.262725
1.18438
0.418118
0.758499
0.0241929
0.335917
0.140842
0.0144275
1.41692
1.13608
1.49699
3.03839
0.534711
0.504866
1.0071
0.122297
1.78857
0.0815299
0.391168
1.17111
0.372056
1.28229
0.673797
0.971848
0.196975
0.300835
1.64215
0.80886
1.83502
4.14588
1.14691
1.98216
1.52263
0.377866
0.22199
0.327581
0.0516962
0.526575
1.41191
0.968776
1.21531
0.1285
2.87508
0.0958928
1.27657
1.57652
0.137467
1.21592
2.24186
0.521491
0.303986
0.31312
0.192942
0.824819
0.518012
0.697144
0.00492026
1.67082
0.630506
1.22148
0.10182
1.79965
1.1486
0.806555
0.226314
3.03531
0.325151
0.637417
0.410271
0.670509
2.10473
0.109332
3.79422
0.651691
0.135917
0.477127
1.30615
0.24259
0.0240309
1.11038
3.20599
0.154854
0.651942
0.785082
2.34045
0.896449
0.893107
0.930708
1.31471
1.96558
0.149695
2.87853
0.100914
0.145396
1.59779
1.07104
1.01431
1.45438
0.837468
4.29536
3.33307
0.461892
2.56967
0.758794
0.913941
0.339926
0.210197
0.0722168
0.504013
2.18555
0.969512
0.613628
2.59095
0.223673
1.24654
0.154549
0.394057
0.530652
0.256956
1.38507
0.137319
1.16983
0.568499
0.319802
0.787521
1.96157
0.080036
0.45369
1.31518
0.541863
0.808472
0.227052
0.723075
0.513315
1.70626
0.636243
0.0918075
0.877287
0.68208
2.46797
0.196777
0.755699
1.27461
0.00878039
0.204546
4.35273
0.224995
0.219526
1.49192
0.125439
4.35816
0.288072
0.623483
0.0900445
0.624733
0.221661
1.05135
0.650055
0.0747318
0.457286
0.99291
0.0695757
0.260515
0.000312075
0.0733841
0.564471
4.45501
4.34788
0.622011
2.32835
2.35434
0.187786
0.0347715
0.458854
0.976828
1.43127
1.00062
0.534321
1.14941
0.404404
0.086739
0.367633
0.0490504
2.56954
0.710682
0.407588
1.87113
1.28527
0.127938
3.34759
1.7913
1.93758
3.72616
0.467893
0.0816357
1.41528
0.241222
1.64509
0.445334
1.04115
0.280349
0.32511
1.53607
0.892032
0.54284
0.130736
0.139741
1.07542
1.08811
2.20925
0.50635
1.14005
0.87338
0.0836591
0.089399
0.0904453
0.759321
0.248146
1.17008
0.432144
0.17414
1.56833
2.43005
0.738875
2.46053
0.689846
0.0954948
0.435119
0.0268262
0.470108
0.441893
0.727767
0.60129
0.281153
5.81162
0.557234
0.343403
0.0165595
0.782561
0.153556
0.188047
0.396484
0.0841096
2.02706
0.110303
0.0326298
0.321071
0.809344
0.361421
0.0282263
0.94165
0.0888617
0.649689
2.69491
0.443132
0.816361
0.0952553
0.106291
1.40817
0.180392
0.0955126
0.662694
2.37997
0.177835
0.927737
1.82736
2.34487
0.571639
0.112334
1.47859
1.0821
0.166072
0.803418
0.145147
3.61108
0.0261664
3.97534
0.301756
0.345464
1.03824
0.0970469
0.782527
1.27388
0.563287
0.329357
1.95943
1.28403
1.06291
1.04683
0.417435
0.0617591
0.0774649
0.670826
4.01754
0.572488
1.05636
1.28051
0.905713
0.46287
2.03128
1.73198
0.947586
1.5397
0.142547
1.19918
0.252892
1.66871
1.51788
0.0460963
0.453582
0.376013
0.192509
1.10253
0.0515425
1.00378
0.49617
0.322112
0.786585
0.0593293
0.00339195
0.266136
2.11815
0.677353
0.613431
1.61844
0.243953
2.02258
0.800209
0.391879
0.799221
1.42115
0.657912
2.27735
0.302686
1.26451
0.0236584
0.00650564
0.00221933
1.79892
0.305439
0.989193
0.580639
0.0135782
0.614898
0.35829
0.408759
0.621592
0.635429
1.10475
0.618524
2.42898
0.349916
4.4922
2.09065
0.0417026
0.219578
0.119128
0.0346366
0.994318
2.58386
0.561345
0.271007
2.69727
0.751225
0.337214
2.79777
1.41638
0.307407
0.46286
0.481687
1.51981
0.108031
0.825943
0.0912008
0.841122
0.378176
1.42473
1.15001
1.72368
1.11458
0.18354
0.871584
0.41201
1.27982
0.820153
4.80487
0.216066
1.10314
0.00271598
1.52896
1.0444
0.41727
0.818193
1.18065
0.293802
1.43271
0.593806
0.462609
1.22573
1.60764
0.203611
1.48047
2.19346
0.554977
0.197163
0.512666
1.06622
0.0600319
0.376496
2.11594
1.73535
0.694015
3.93123
0.476615
2.1617
3.67444
0.09427
0.487939
2.82122
1.39146
0.808559
0.373404
0.426355
2.00521
1.31132
0.599527
0.889893
0.572735
0.412379
1.49856
2.0014
0.0708566
0.419481
0.0890008
2.26253
1.99272
0.372696
3.96577
0.595509
0.705856
1.3223
0.233977
0.0847685
3.19648
1.67623
1.74679
0.929447
0.281933
0.25559
1.26738
1.46222
1.74413
0.430235
3.43258
1.06057
0.0674808
0.625475
0.792713
0.354815
0.363645
0.535314
2.13291
0.0347412
0.0140231
0.275379
1.30463
0.0422212
0.784528
0.343819
2.57461
0.978897
3.64836
0.339758
0.609739
1.23119
0.80243
2.05506
0.500935
0.0498158
0.255312
0.11563
0.163508
1.09592
1.46372
0.63694
0.90904
4.85526
0.00600881
1.52236
0.728319
0.282551
0.975308
1.00353
2.3719
0.722399
0.079319
1.47668
0.950723
0.0640435
0.100177
2.97886
1.75568
0.443635
0.327905
1.372
2.3795
0.382168
0.333025
2.00568
0.0585812
0.309623
0.111865
0.489669
0.41779
0.128901
3.25054
0.692833
0.79695
0.342728
0.293974
0.223311
0.503532
1.58958
0.155244
0.603225
0.856898
0.112857
0.219895
0.403114
0.163036
0.221507
1.0444
0.964797
1.55833
0.394888
1.33961
0.476265
0.426226
0.023374
1.06973
7.80254
0.338176
1.65338
0.862726
0.226015
0.600567
0.129887
0.330296
0.730557
1.10991
3.60519
2.10001
1.34383
1.2653
1.66409
0.129595
1.76895
0.116454
0.118926
1.70585
1.68344
0.286748
0.206565
1.77462
0.14105
0.523481
1.22085
0.181881
3.08963
0.0620253
0.576477
1.13021
4.04364
0.0590008
1.29778
1.79013
0.223543
0.152502
0.17121
0.113688
0.114979
0.370971
3.36289
0.581005
2.50745
0.731867
1.06117
0.369332
0.248295
0.266325
0.401541
2.13042
0.952261
0.384927
0.309991
1.47128
1.71313
1.51228
0.184076
2.13026
1.35884
1.78942
1.12495
1.87415
0.020384
1.83064
0.847232
0.829627
0.745576
0.845056
0.242833
0.384151
0.434767
0.376818
1.18414
0.0112514
1.42041
0.405777
0.209266
3.24679
0.870936
0.18467
0.0661693
1.754
0.983231
0.318642
0.19325
0.103436
0.724837
0.698119
2.23917
1.19946
0.721537
2.9801
0.428237
0.186508
1.71651
0.935903
0.500073
3.20617
1.73285
0.510264
1.53726
0.349574
1.78814
0.0309983
0.088698
0.16816
1.50466
0.220594
1.50788
1.78687
0.464482
1.01413
0.119508
0.907657
0.279849
0.729391
0.164788
2.8495
0.798497
1.12385
0.811839
2.73397
0.769501
0.216504
0.845782
0.164602
0.889109
1.79114
1.36074
1.24963
0.269434
1.55196
1.91853
2.45687
0.99438
0.367689
0.828353
2.77406
5.72841
1.03918
0.337212
0.192588
0.790828
1.98924
1.49898
0.999814
0.452185
3.37073
2.72396
2.67226
1.41096
2.24802
0.402115
0.521364
0.87042
1.92796
3.09655
1.58339
0.034861
0.672806
1.11555
0.0164097
0.527144
0.50596
2.40254
0.81089
0.397463
0.680107
0.0557856
2.62054
2.71925
1.25146
0.0785548
1.36503
0.829553
0.840071
1.94891
2.07944
0.474741
0.0260964
1.43074
0.215724
0.62664
0.297798
2.25655
0.561712
2.48668
1.25212
0.954486
0.924651
0.451379
0.0496795
1.3095
0.819661
0.671498
0.488565
2.83139
0.102527
0.00754493
0.569882
4.2407
0.209954
0.940452
2.76308
0.00947176
1.57733
0.478928
3.6917
1.06713
1.45206
0.201717
0.937839
0.462216
0.446303
0.713958
0.45133
0.551626
1.72522
0.375331
0.0603327
0.179135
0.870904
0.331381
0.6618
3.47865
0.764816
0.125595
0.537111
0.574185
2.52214
0.288535
0.651274
0.329901
0.342038
0.783754
0.42886
0.600122
0.0798868
0.603832
1.64181
3.61192
0.284071
0.188114
0.133288
9.12752
0.815908
0.252113
0.368496
0.900461
2.28282
0.0392832
1.1167
1.25519
0.265704
6.37627
0.311666
2.80384
0.999828
0.582326
1.03947
0.485846
2.30327
0.150599
0.642671
0.458274
0.35132
1.40062
0.666308
0.307746
1.88471
1.34625
0.336357
0.115009
1.42774
0.274286
0.661492
0.491768
0.538291
0.570899
1.17394
0.864296
0.646343
1.99475
1.84275
2.13307
0.826446
0.247226
0.46558
1.17502
0.0456103
0.108682
1.33386
0.320228
0.542475
0.297711
1.46294
0.187136
1.48829
1.43299
0.4835
1.67795
1.97056
1.19209
0.144223
1.99862
0.281091
1.52297
0.10124
1.48965
0.0666149
0.650942
0.937545
0.0576335
2.05102
0.0599166
0.431884
1.49961
0.0746845
0.163567
0.315543
1.49499
0.621667
0.285722
1.88511
0.0964436
0.436659
1.15412
0.233435
0.123103
1.56215
0.879599
0.859516
3.18672
0.460949
0.329216
0.857549
0.777811
0.156015
1.1782
2.05758
2.26746
0.140742
0.204521
1.07356
0.22394
2.30232
0.497601
0.664864
0.0139756
1.46023
0.697019
2.74237
0.27961
0.0822023
0.737806
1.0242
0.396142
0.0878765
0.00431449
0.154149
0.138439
2.42582
1.36699
0.104475
0.0678485
0.136176
2.9842
0.404286
2.78125
0.509857
0.453545
0.250581
4.75172
1.36746
2.18249
2.7972
1.16631
2.11318
0.142691
0.0316868
1.22733
0.165263
0.649695
1.83458
1.03855
0.875293
0.0695684
0.321375
3.41089
0.672043
0.353658
0.542193
1.01127
0.226601
0.301527
0.669495
5.92762
0.492145
1.07734
0.986115
0.443747
0.600479
1.18528
0.0564476
1.60486
0.767382
0.540417
0.0488378
1.19226
0.981657
0.0533295
0.316872
0.630338
0.260497
1.54207
3.12419
0.0344638
0.184207
0.754795
0.527793
0.696356
2.95
0.160015
0.485673
0.828681
0.264498
1.05338
1.5012
0.123644
2.38604
2.02566
0.201502
0.919259
0.277161
0.0793939
1.52237
0.81497
0.999178
0.113134
0.0854932
2.29315
0.605813
0.542621
5.03829
0.528422
0.700446
1.00465
1.41206
3.15334
0.742634
0.0562373
0.231026
2.50056
0.412942
1.00856
2.17622
0.409301
0.0674472
2.74298
0.698136
0.337397
2.79465
0.759397
0.249813
3.42768
0.238017
0.517753
0.375091
0.00344425
1.08282
1.55523
1.01931
0.638998
0.201774
0.00195
0.656368
0.16098
3.84377
1.30266
0.240165
0.629404
1.85605
0.334644
0.3923
1.21931
0.0407845
0.420806
0.319486
2.1118
0.312427
1.00668
1.20089
2.0473
0.267039
0.115091
0.626542
0.299725
0.361215
0.0750766
0.0599061
0.474111
1.40579
1.57947
1.70155
0.0973506
0.136101
0.0734942
0.7331
1.58668
0.172579
0.32398
1.61499
0.121694
1.69959
0.453835
2.58195
1.89657
2.67898
0.436254
0.498603
0.965817
2.39002
1.45574
2.31177
1.31984
0.0502963
0.809539
0.14903
1.4921
3.13939
3.7671
2.62827
0.537888
0.775879
3.09771
0.241535
2.73008
0.110193
0.50482
0.501983
3.31625
0.047871
4.20583
0.674101
3.00733
1.01331
2.83312
1.09668
1.84222
0.4971
0.284902
0.896502
0.658982
0.80075
1.91304
0.157168
0.268489
0.147374
0.39758
3.28756
0.381922
0.122012
0.714135
0.403587
0.443994
0.15773
0.924785
2.62281
1.12594
0.561104
0.283646
2.21451
1.45574
0.159717
0.063294
1.40645
0.743237
4.99549
0.169967
1.23802
1.10679
0.35764
0.114907
1.26831
2.24959
0.305664
2.41387
3.35816
0.277372
1.39383
0.484425
0.175636
0.207141
0.246191
0.841269
0.19951
2.87086
0.224969
0.848029
0.809327
0.673022
2.53011
0.498407
0.348371
1.70484
0.625409
0.23896
0.837259
2.20177
0.0819962
1.06705
1.26073
1.71482
0.0366683
0.729659
0.128105
1.51789
0.945714
0.617884
0.506078
0.124395
1.04181
0.200183
0.607294
0.203475
0.233573
0.789213
2.15865
0.523011
1.80646
0.212763
0.215328
0.0557753
2.23067
0.108037
0.492722
0.262824
0.697387
1.03666
0.510652
0.901022
0.876489
0.877035
1.86863
0.331829
0.647039
0.815373
1.03612
0.837303
1.08427
0.739593
3.74071
1.28046
0.0806873
1.12807
0.0713365
0.940475
0.747815
0.409911
0.436012
0.673347
1.13105
0.351418
0.582236
0.78601
0.177212
0.15793
0.616503
0.964108
0.306389
0.0691996
0.255602
1.17297
1.20591
0.880916
1.41271
0.786465
0.00206003
1.6546
1.02456
0.198
3.9513
0.957123
1.33583
0.545558
1.59193
0.394616
1.29105
0.307202
0.121765
0.407742
5.76504
0.560925
1.93804
0.243321
0.504207
1.00806
0.0484374
1.57725
0.348506
0.0997879
0.293224
1.1509
0.727203
1.30516
0.128365
1.63529
0.943385
0.905022
0.675665
0.438947
3.08863
0.0440176
1.00783
1.42518
0.241468
0.0801088
0.059868
0.0914851
1.03465
0.596047
0.533511
0.572719
1.29386
3.30975
0.000355927
1.53181
1.06569
0.699895
0.449621
1.68157
0.192461
0.317672
0.645703
0.227905
0.282557
1.42752
0.0342946
2.17426
0.0696962
2.56597
0.388613
1.50236
2.71617
0.0883723
0.210935
0.642292
0.589005
0.0555094
0.958485
0.540898
0.803231
3.34257
0.454209
0.0344047
3.0062
0.402287
0.272217
0.402973
0.380758
1.74099
0.553034
0.64796
2.1923
0.307003
0.568957
1.79532
2.17974
0.40804
0.142779
3.68751
0.338294
0.723889
0.46952
0.173269
0.555863
1.30707
1.24984
1.5065
3.29302
0.241318
1.29031
0.320153
1.10679
0.118222
0.527563
0.0240763
0.869721
0.315115
0.222908
1.17648
3.82722
1.48683
0.0520361
0.801381
1.26872
1.15262
0.140466
0.329383
0.528965
0.701289
0.941006
1.25313
2.65753
1.96896
0.0278725
0.0838011
1.51915
2.32985
1.47601
0.211867
1.62567
2.55213
0.147969
0.11973
1.26717
1.17474
0.674677
1.60682
0.0267565
0.0196603
0.0139098
0.216915
1.33579
0.0284501
0.812486
0.368882
0.601847
1.03649
0.0752543
1.39037
0.345113
1.70874
0.16798
0.288137
0.17022
2.94575
0.173847
0.9788
1.85791
0.0316535
0.561
1.3237
0.694566
0.0407303
0.115172
2.22329
2.57015
0.00354871
0.0489272
0.295587
0.22098
0.379812
0.368598
1.1238
0.212455
1.4356
1.42008
0.725574
0.468014
1.43052
0.303226
3.04016
0.695871
0.400374
3.20417
0.255718
0.983708
0.306222
0.161556
0.46698
3.30116
0.040818
0.294745
2.58099
0.0962713
2.68468
0.497005
0.0704507
0.00567762
1.89632
0.0229501
1.54704
0.706026
0.50941
0.239773
0.622193
0.57558
1.05633
3.64061
0.587977
0.312274
0.155893
0.22639
0.0967037
0.71736
0.884228
1.25487
1.54656
0.692428
1.60149
2.08351
0.52506
4.35109
0.439104
0.376717
1.5252
0.117046
0.616223
0.275999
0.911401
0.209271
0.757524
1.94842
0.340579
1.97087
0.00716999
0.440806
0.496058
0.0784547
2.07331
0.0182055
1.9893
0.546156
0.526005
2.28697
2.09277
0.353543
1.02669
0.9514
0.859964
0.575048
0.0401229
1.26844
0.374445
0.304384
2.32825
0.189721
1.76521
0.899404
4.51463
0.527647
2.79095
0.216191
1.88386
0.678702
0.167259
1.11151
0.475211
2.02568
1.56629
0.223471
0.109642
0.232603
0.0422208
0.957975
1.1012
1.92332
0.71889
0.399899
0.0463258
0.42608
1.35204
0.911955
3.69086
0.812149
0.182278
1.01375
0.114412
2.27987
0.0853114
0.0763458
0.480853
0.165681
0.0488226
0.282814
0.106385
0.463397
0.326793
1.88749
0.287328
0.470847
0.684739
0.530672
0.726831
0.445673
1.38171
0.15135
0.764453
0.0750427
1.23407
0.872302
1.88175
0.110472
2.57991
1.03293
0.0977112
1.45588
0.807086
0.614925
2.27612
0.0567875
0.0633031
0.886398
6.5421e-06
0.252686
0.480364
0.0688489
0.0948795
0.566402
0.0575822
1.61902
1.97917
0.00972865
1.80852
1.64182
1.55267
1.56148
0.295225
1.50701
0.129936
0.0602662
1.10975
0.74597
0.917131
0.868625
0.315255
1.32346
0.48118
0.261441
0.811806
0.858035
1.19024
1.24634
1.54515
1.11099
1.23669
2.08275
2.28122
2.10304
0.125387
0.126674
0.480595
0.584893
3.00186
0.506773
1.03525
4.03402
0.0998801
0.378538
0.400679
1.68744
0.0444306
1.68907
0.111123
0.144341
0.43554
3.30823
0.550992
0.749987
0.401384
0.393123
1.40413
0.408343
0.561936
0.57022
1.50534
0.441934
2.05285
1.98876
0.0546759
0.514884
4.16381
0.465219
1.04757
0.198725
1.40817
1.10596
0.293401
0.0375675
0.119578
0.29018
0.278043
0.0360704
0.531664
1.88107
0.248387
2.13047
1.07212
2.93097
0.753246
0.205989
2.61843
2.6595
0.263611
0.877344
0.743707
0.341475
0.0560647
0.201711
0.432722
0.579898
1.62919
1.99132
4.59848
1.00246
1.40186
2.58926
0.0155009
0.602899
0.684358
0.837949
0.0163668
0.537499
1.43908
1.29248
1.84963
0.172136
1.27929
1.33701
0.831389
1.27641
0.263072
0.462008
1.077
0.552748
0.843614
1.11209
2.36769
1.84611
0.14535
0.201661
0.713278
0.447394
0.938416
4.13521
2.74631
1.85508
0.0938514
0.0913385
3.42654
2.09989
1.20734
1.11678
0.658848
0.132143
0.173654
1.10629
0.591682
0.290096
1.705
0.195396
0.98059
3.7995
1.12196
0.272121
0.725688
1.16196
1.9054
0.585837
0.000542369
0.173592
0.0418311
2.22635
0.238384
2.10961
0.55097
4.26297
0.130388
0.588137
0.80161
0.859694
0.431568
0.849387
1.21322
2.98553
1.16035
0.213491
0.22665
0.164972
1.81829
0.14149
0.242643
0.189108
2.19477
2.39009
0.701298
0.600618
4.19749
0.101703
1.06973
0.2868
1.32258
1.65046
0.342176
0.423921
1.7206
1.37502
1.22191
0.896881
0.431872
0.474459
0.763213
1.62975
0.515276
1.09841
1.79015
0.68353
0.362961
2.76571
0.177253
3.22444
0.138803
0.36074
0.129537
0.217484
2.37492
0.228809
1.99309
0.186289
0.0563143
0.760472
0.072856
2.73567
0.75617
1.92645
2.32128
0.0822237
0.222742
0.250519
0.530605
0.0259778
2.55469
0.0877454
2.67999
1.13815
1.98208
1.55508
2.57883
2.39126
0.71698
0.19374
1.64626
0.474645
2.74029
1.46466
0.277729
0.247991
1.31234
0.0585029
0.506111
0.0561935
0.240025
0.46744
1.11577
1.89587
0.38226
1.99448
0.50559
0.135604
1.24098
0.0561921
7.16683
0.0083459
1.01082
0.704847
0.148787
0.946283
3.42418
0.0698561
0.36704
0.337239
4.21441
0.253425
0.522729
0.211135
0.458684
0.0328482
1.54193
1.26235
2.4129
0.172012
0.288505
0.306147
0.597577
0.688063
0.786586
1.83199
0.734361
2.34747
1.58197
0.0249464
0.246627
0.693865
0.554416
1.44418
1.58289
0.0874643
0.0510626
0.720532
0.610696
0.141542
1.68748
0.256561
2.28966
2.28402
1.31472
1.14663
0.041885
0.104295
0.613794
1.08105
0.687524
1.19715
0.0703017
0.61483
0.290568
0.334645
0.315393
0.293626
0.066917
0.780691
0.950033
1.6497
0.0894589
0.375887
0.158667
0.0139514
0.220022
1.42429
0.0609231
1.57297
0.841167
0.118554
1.51297
1.75367
2.66082
0.723259
0.051488
1.0216
0.07093
0.637506
0.631316
0.740377
0.0427355
0.460939
5.07576
1.60909
0.937305
0.949272
2.68105
2.81354
0.470848
1.84606
2.07154
0.011636
0.193911
1.37097
0.128331
3.99505
0.158136
3.67052
0.063719
0.447597
0.041839
1.00491
0.0331962
1.15298
0.291615
2.21512
0.142388
0.427192
0.0649532
0.167442
0.73573
0.324471
0.903215
0.450834
1.11629
2.94294
0.00635579
1.97958
0.115547
0.27991
0.479204
0.465549
0.0996346
1.10918
1.91107
0.80824
1.63009
0.493815
0.582486
1.10699
0.601838
0.986705
0.118043
1.76764
2.36395
2.28167
0.787666
0.417983
0.284975
0.89537
0.147238
1.05333
1.73456
0.502563
1.22822
0.46359
0.285604
0.0629097
0.570422
2.41666
2.16978
0.0160114
0.701294
0.220368
0.352206
0.385169
3.80954
4.71937
0.166697
0.61825
0.484891
0.33833
0.13357
0.697173
0.733161
0.394236
0.263788
0.0660686
3.99118
1.15362
0.181917
1.06537
2.35534
3.36398
0.0879734
1.89728
0.562119
0.87549
0.456225
1.61
0.481185
0.147848
1.8579
0.919552
1.11534
2.17558
6.71532
5.21335
2.4823
1.66016
0.985203
2.49808
1.48763
1.46037
0.643009
0.50438
0.700273
0.29102
0.419472
0.329525
0.272025
0.267771
0.170464
0.393699
0.653399
0.922539
0.712391
0.120806
0.375448
1.18004
0.186892
0.394237
1.80823
0.547371
0.0674382
1.88681
0.372279
0.700026
0.248165
0.261791
0.756699
0.307711
0.198714
4.0488
2.443
0.80608
0.503323
0.247692
1.61162
0.272207
0.0719473
0.157353
0.67331
1.66194
4.47178
2.17097
0.643942
0.83209
1.64028
0.174919
0.525133
2.20667
0.36616
0.354752
0.336895
0.152887
0.14089
0.111876
0.424146
0.956628
0.654779
0.0644932
0.204225
0.117195
0.316936
0.474724
0.920872
0.879939
0.330829
0.480812
1.04979
0.532153
1.37038
1.41391
0.534249
1.2959
2.68485
0.131344
0.00295513
0.441352
0.200201
0.61855
0.309059
2.01154
2.49003
2.10601
1.27067
0.194647
0.133605
0.248558
0.225528
0.342849
1.60446
0.0257787
1.35147
0.916645
1.94988
0.397221
0.151811
0.362793
0.0282842
1.57714
1.55819
0.517581
0.226372
1.24199
0.204383
1.61024
1.41147
0.388081
1.13275
4.03096
0.41888
4.543
2.75423
1.68112
1.04459
1.29025
0.979693
2.37006
0.989227
0.774744
1.64097
0.0964278
1.19099
0.168742
0.828789
0.668668
0.503067
0.80659
0.401574
1.05738
0.0305919
1.9982
0.610977
0.41689
1.47794
0.112652
0.652552
0.426302
1.31244
0.309068
0.949622
2.90792
0.684222
0.245759
3.53272
0.550053
1.03313
6.39229
4.62192
0.233773
1.28231
2.41584
0.878902
0.0925963
0.211764
4.26472
0.72248
0.0274431
1.83785
0.325454
0.639687
0.0739821
0.199643
0.703262
0.498083
1.91533
0.337086
0.78007
0.639885
0.203932
0.980963
0.277685
0.547937
0.28726
0.429124
0.127314
0.544691
2.17765
0.796785
0.443927
0.362614
0.620574
4.5531
1.14792
0.620422
1.87046
1.62184
0.807255
3.17243
3.61521
1.05859
0.252658
0.457042
0.696798
2.08701
0.134249
1.78462
0.0703228
0.0807494
0.120221
1.83499
0.989589
1.23525
0.0358355
0.243662
0.510609
0.114902
0.180957
1.80337
2.25349
0.708865
3.40711
0.808602
0.790681
0.718769
1.21309
1.99853
0.563177
0.800929
0.499579
1.41772
0.862256
1.55043
0.950441
0.378618
0.48724
0.00911609
1.01216
0.724482
0.95826
3.78987
0.541813
1.42264
0.682883
1.39566
2.65644
0.943859
0.508875
0.657741
0.401188
0.309858
1.01937
0.179271
0.658918
0.261091
1.83539
2.0609
0.383907
1.26578
0.525186
3.12087
0.776087
0.322636
0.908126
1.21086
0.187197
0.124631
1.09039
3.70478
0.593699
1.14073
0.982957
0.383223
0.811893
2.34044
0.106558
0.0240261
1.24477
1.26724
1.38982
1.12798
0.0889476
0.307027
1.66905
1.09049
0.0685671
0.384107
0.252351
0.164836
0.473268
0.594262
1.87686
0.0371852
0.752179
0.471679
0.333329
0.435477
0.125074
0.0772574
1.50748
1.10549
0.63199
0.0676
1.2943
2.68996
0.130833
0.59821
0.305012
0.34655
1.09672
0.165935
0.616832
0.508578
0.516778
2.12705
0.924894
1.05153
0.473273
0.370337
0.075182
2.71079
0.257381
3.9277
0.373082
0.37343
0.502195
0.548117
0.496145
0.220817
0.193487
4.40342
1.10888
0.664079
0.116696
2.39175
0.0463022
0.163066
0.244674
0.0777691
0.352609
1.76986
0.861922
0.0269159
0.0305522
1.93511
1.41893
1.09546
1.22421
0.313799
0.860312
0.210066
0.313092
0.35356
1.25373
1.35094
2.03306
1.62146
1.11841
0.324193
0.192082
0.215906
0.842065
0.170814
1.51882
0.382521
0.331472
2.95968
0.239226
1.64288
0.572729
3.06837
0.0199705
0.517418
1.31523
3.06773
0.625329
1.40537
0.129172
1.1089
0.37122
0.179079
0.391165
0.593922
0.211251
1.75922
0.210041
1.06654
0.0895045
0.0273421
0.50893
0.361993
0.489357
1.59734
0.0204769
0.483968
0.0528236
0.82396
0.502186
0.549086
0.443016
0.262938
2.09851
1.43217
1.37497
0.334367
2.44845
0.0479106
0.312873
0.360476
3.37231
0.587951
0.113707
0.653432
1.51358
0.0759257
1.25696
0.928901
0.687541
0.16299
0.0285731
0.00602695
0.114006
0.456178
0.332452
3.38415
1.39082
3.45058
2.57489
0.116683
0.44392
0.0724187
0.114466
0.29715
0.149513
1.12048
0.351221
0.275534
0.52402
2.51484
0.589058
0.230664
0.306186
0.0411215
0.343713
1.9731
0.926506
0.803683
0.253172
0.238695
4.32753
0.163096
0.304999
0.298653
1.79797
1.75757
0.955644
0.170925
0.663917
1.24784
0.415802
0.446045
0.876013
0.137456
0.901273
0.242569
0.383236
0.458762
4.0879
0.78464
0.000187587
1.1524
0.688636
1.11722
0.671409
0.0076916
0.797589
0.602272
3.15539
2.08287
0.901842
1.31235
0.704884
0.0858359
1.93715
1.6278
0.121255
0.799204
1.01982
0.395273
0.587585
2.47803
1.34735
0.22816
3.90671
0.410939
0.58652
2.81114
0.0136781
0.0190092
0.977452
3.25176
3.74089
3.12102
0.564289
0.526327
0.949776
0.506625
0.0789221
2.28203
0.692036
0.752845
0.229722
1.35821
0.513089
2.04716
0.46815
0.175615
4.02978
2.28764
0.114449
2.68957
0.433904
0.477971
0.068254
0.0373414
3.15485
2.71428
1.5418
1.42822
0.38701
0.359554
0.7669
1.44167
0.128245
1.87453
1.38419
0.975059
0.115306
1.43141
0.824469
0.419631
0.494117
0.698043
2.74991
0.401985
0.73589
2.85779
2.14463
0.431684
3.62861
1.3279
0.32285
2.66263
0.560742
0.520099
1.42269
1.40358
0.555653
1.0672
0.287925
0.714904
1.83315
0.499918
0.763779
1.27522
1.26482
3.49996
0.607532
0.0209277
2.9931
0.160361
0.220388
0.563169
0.342219
0.333849
0.181331
0.0792569
0.2396
0.252398
2.99889
2.21999
0.131646
0.550951
2.26584
1.51076
0.51293
1.5746
1.43108
1.38421
1.59501
1.36079
3.34506
0.738373
1.10094
3.47344
2.75293
0.106165
0.806419
0.578375
0.0550365
1.65798
0.935866
0.117289
1.12683
0.365809
0.445206
1.97452
1.48189
0.0638802
0.392791
0.148469
1.0253
1.62768
3.3941
1.75323
0.252624
0.570988
0.670688
1.85238
0.719595
2.49201
3.89227
2.70409
0.817895
0.986217
0.512108
0.228372
0.816311
1.12279
2.44309
2.02033
0.793068
1.19148
0.0573412
1.20025
0.207335
0.955237
0.297775
1.28354
0.146322
2.03304
0.22851
0.949393
0.739184
0.932507
0.774675
0.36945
0.0110014
0.43835
0.535749
0.441281
3.14087
1.05882
0.485595
0.623332
0.175927
0.171035
0.148346
1.4934
1.25887
1.24227
0.872557
0.459659
0.582712
2.19415
1.45234
0.621974
0.550755
0.695435
0.157319
1.94607
0.145055
0.866818
1.19891
0.0767838
1.08274
0.38421
0.470829
1.31787
0.719392
0.683639
0.515097
1.00631
0.761621
1.89831
2.54074
0.077015
0.512911
2.88116
0.647284
1.95263
0.256723
3.91533
1.86329
0.810072
1.34741
0.0971206
1.24364
0.607287
0.856668
0.938371
1.15208
1.39765
0.159853
1.49961
0.168958
0.592059
0.976788
0.618959
0.715428
0.617819
0.66039
0.378056
0.1911
0.649374
0.203419
2.34241
1.62266e-05
0.00167335
0.522388
0.386933
0.721712
0.137232
0.520883
1.3919
0.667466
0.777702
2.9153
0.725321
0.454105
0.254747
0.408452
0.0859369
0.032048
0.506562
0.0554329
0.778228
0.550365
0.171295
0.644533
0.0550279
0.656109
0.441677
0.193252
1.46763
3.04403
0.207544
0.43111
1.23389
0.759264
4.21531
1.65127
0.126429
1.88586
1.43025
0.0743639
1.57609
1.579
2.80008
0.0657139
2.00602
1.20094
1.73757
2.24392
0.836462
1.89514
0.327819
0.264381
0.60724
1.89019
0.140925
1.52471
0.951478
0.386201
1.53773
0.422577
0.379434
0.616573
0.82878
3.6509
1.076
2.61036
0.305247
1.32095
1.10967
0.860372
0.566638
0.772912
0.473034
0.798645
1.98282
0.908327
0.428611
0.205407
1.61959
2.85784
0.231
0.353319
0.490258
0.824681
0.919714
0.328641
1.5826
0.948736
0.177927
0.830564
0.935349
0.278666
2.42804
2.51885
2.37163
0.685304
1.04708
0.0980489
0.851924
1.66663
1.64412
0.353071
0.383679
0.977809
0.315881
0.0418222
2.59025
0.79792
1.11404
1.60399
0.236459
1.11789
1.03742
0.0371463
0.235118
0.545686
0.825314
0.0669158
0.0757544
0.759532
0.247477
0.285159
0.209059
0.983447
0.0141099
0.0554807
0.0184131
1.95411
0.0767265
0.586171
0.167286
0.187711
1.97272
0.114307
0.0997419
1.03056
1.36652
0.0526212
0.274275
0.555535
0.04303
0.0105134
0.918895
1.50055
0.0300991
0.255271
1.32417
1.16731
0.540858
0.0511923
0.497311
0.932675
1.62541
2.37607
0.494866
1.37454
0.86691
0.0896164
0.222138
0.695775
1.76043
2.17441
1.36144
0.582805
1.09322
0.931246
2.77794
0.534736
0.839975
2.01874
0.544878
0.260907
0.182985
1.57274
0.0225115
0.590156
0.00212247
0.744911
0.595847
1.36292
1.39575
0.878638
1.12978
0.515932
0.568264
0.85832
0.861513
0.444737
0.0681351
1.33793
0.286507
0.458176
0.364007
1.78725
0.870233
1.39487
0.798254
2.19852
0.738823
0.291315
0.0111159
0.318116
0.864555
0.625079
0.292602
0.965596
0.0273793
0.46145
1.23206
0.100795
0.419776
0.627567
1.03907
0.72473
0.438197
4.37744
0.140217
1.55939
0.945377
1.26378
0.559869
0.263439
0.635897
2.27893
0.511866
0.214022
0.517723
1.31126
0.428025
0.807715
0.0251393
3.69771
1.84681
0.807157
0.40049
0.144442
0.00863569
0.619579
1.09399
1.35226
1.56796
0.909764
2.34528
0.266666
1.14662
0.210287
0.431955
2.61441
0.533376
0.879128
1.946
0.856536
0.135385
0.344005
1.08928
0.0340156
0.711503
0.472346
0.598578
0.707742
0.499254
1.20392
0.128176
2.27869
0.402433
0.683451
1.54399
1.36101
1.01772
1.57955
0.668304
0.289931
0.507545
0.211122
0.12901
2.60625
2.85686
0.60967
0.094289
0.337931
0.359208
0.682261
0.195327
0.20696
0.123785
0.149059
0.137205
0.244103
0.742512
0.347208
0.614756
1.23719
0.72376
2.5696
4.24498
1.81511
0.285805
0.482793
0.822797
0.350178
1.90522
0.886099
0.786844
0.0969649
0.187677
0.76325
0.65659
2.54679
0.00950521
1.08499
0.692382
1.00641
0.37859
0.810145
2.73628
0.364204
1.9243
0.685669
1.09541
0.490361
1.84257
0.437194
1.10515
0.630422
0.0472047
0.389728
0.350799
0.115892
1.988
0.000601867
1.45922
0.348614
1.92131
0.378975
0.490751
3.08591
0.295803
1.56077
3.62061
0.103946
3.32467
1.06155
0.00439703
0.0367517
0.640096
0.359373
5.08283
0.204975
0.353408
0.886195
0.860997
4.4614
0.438018
0.633477
1.69564
0.527119
1.71369
0.684697
0.256679
0.758649
2.88312
1.00733
0.0196623
1.36305
0.434346
3.0094
0.0704922
0.0300799
0.351937
0.959756
0.0899939
1.81735
0.492132
1.52071
0.756031
0.0589652
0.349088
1.46776
1.26275
0.868205
2.33688
0.145049
1.08849
3.23619
0.61502
0.0497385
0.152568
1.09347
0.182021
0.774899
0.604434
0.54372
1.43348
0.0728981
0.561404
0.160341
0.809625
3.37118
0.145884
0.00919976
0.576634
0.192873
1.64964
0.0164806
0.455567
2.2142
0.699328
1.45078
1.60981
0.680634
3.44384
1.36534
0.992423
0.446917
0.254514
1.36776
0.0499398
0.00230911
0.479744
1.97944
2.51516
0.0528961
0.166657
0.889082
0.0887093
0.894913
0.945644
0.716838
0.183557
0.404275
1.02361
0.087915
0.392278
0.135598
0.984061
0.0144321
0.647625
0.401312
1.88968
1.29757
0.710563
0.710958
0.11541
0.565904
2.67294
4.36881
0.0641387
0.334589
0.729269
1.34892
1.49128
0.13966
0.526353
0.139127
0.00151565
0.443502
0.202792
4.17754
1.13488
0.4105
0.50759
0.744435
0.145858
2.93545
0.105654
0.993821
0.754061
1.2369
1.6323
2.93615
4.97249
0.00750294
0.578946
0.432161
0.00479946
2.27026
1.45698
0.27277
0.647386
0.0185317
1.43531
0.189848
0.0622452
0.10305
0.633757
0.46542
0.190638
0.781081
1.75404
0.763564
0.279221
0.991176
3.07133
0.723037
1.1076
1.54951
0.528201
0.423302
0.00641396
0.658164
2.66403
0.0930932
1.97587
0.191477
0.119749
0.0559491
0.0179862
2.22545
0.900244
1.80524
0.312888
2.201
0.191694
1.24114
0.645519
2.24905
0.564513
2.08795
0.424047
0.612417
0.335352
0.0254014
0.544674
2.21732
0.0414165
1.4933
1.58366
0.355484
0.509951
0.566106
0.0463023
0.235719
2.75849
0.927564
2.12364
0.346482
0.794796
0.167676
0.011554
1.11483
0.458384
0.00221767
1.34299
0.413584
1.05182
0.305796
1.42481
0.160827
0.136762
0.273097
1.17958
2.54146
0.395899
1.36118
1.72414
0.136086
0.456384
0.326608
0.823121
1.11395
1.24301
0.803809
0.144006
0.318557
0.518931
1.83436
3.68594
2.6566
0.307341
1.16073
0.429479
4.65106
0.790563
0.617349
1.16778
0.366944
0.878948
0.276171
0.162647
4.51491
2.2031
0.819123
2.21597
0.286131
0.251511
0.641406
0.824135
1.84251
0.148297
0.688517
0.73281
0.909146
0.676559
2.00667
0.302477
0.794842
0.541246
1.03239
0.847686
0.164706
0.33036
0.206429
2.24615
0.10737
0.0915715
0.567806
0.541764
0.270607
2.04965
0.808279
0.487522
0.0459809
0.796772
0.569109
0.124002
0.297873
1.35156
0.695558
0.290669
0.0387186
0.0643694
0.519502
1.27516
0.310086
0.484069
0.0319585
2.45852
0.54008
0.815316
0.452085
0.904185
0.746726
0.125777
1.16382
0.00954872
1.42583
0.592128
1.03125
1.30558
0.0715602
2.35429
0.949329
1.21891
0.589973
0.577304
3.23539
0.0455868
0.305794
0.164555
0.943351
0.00787859
0.248795
0.425545
0.641185
1.25619
0.465139
0.759405
0.235921
0.0865253
1.41228
2.35795
1.87354
0.638105
0.125743
1.58863
1.29746
0.818582
0.24551
0.874115
0.375692
2.5339
0.281799
0.868181
0.396094
1.86196
1.71031
0.494087
1.33573
1.90846
0.0864329
0.254823
0.0922107
0.583109
0.49881
1.19619
1.12482
0.807912
0.110276
0.873159
0.0643032
0.293528
2.92541
0.0445874
0.581656
0.136968
0.680711
1.78585
0.413565
2.35299
0.261859
3.01864
0.1808
1.5863
1.22648
0.344599
0.113611
0.0456907
0.349528
1.33094
1.97258
0.239483
0.0325463
0.260397
1.26647
1.09772
0.0605841
0.388844
0.66112
1.55477
0.168741
1.13468
1.37613
0.540239
2.0051
0.0561777
5.21869
4.52983
1.27458
0.28435
0.0602881
2.42782
0.0516748
0.71089
0.549897
1.05722
2.25252
2.7061
1.9871
0.0437367
0.696139
0.367491
2.66714
0.363575
2.62437
2.74157
1.54035
0.350327
0.251297
2.63344
2.04669
0.63345
1.25808
0.62577
2.60721
0.0618261
2.22667
0.734851
1.9219
3.91559
0.453243
0.823044
2.53409
2.84581
0.567721
1.25201
1.64978
0.347421
1.38901
2.30691
0.00445036
0.0804291
0.840871
0.575125
0.0432261
1.62295
0.0901027
0.946037
0.0794379
0.584283
0.489941
1.27942
0.370041
0.158942
0.648698
0.090143
1.42025
0.187004
2.36793
0.738119
2.02337
0.75122
0.676013
1.57369
0.618333
1.96044
0.999526
0.741941
0.784298
0.0198026
1.2592
0.0912694
0.584906
2.17056
0.13293
3.14673
1.58447
2.13729
0.390653
0.0286265
2.08285
1.27599
0.817569
0.528728
1.48169
2.05368
0.999507
0.207488
2.35175
0.271426
0.336487
1.02935
0.483733
0.816132
1.10514
0.619194
1.25347
0.0268913
0.512039
0.500703
0.434443
0.996981
1.3194
2.19477
0.884318
1.23215
0.352948
0.222097
0.335877
0.246895
3.13624
0.606832
3.43036
0.278711
0.271878
0.224777
1.32012
0.216786
2.0447
2.4304
0.744944
0.286893
2.41339
3.33068
0.285573
0.684577
3.27119
0.886128
0.244763
0.36783
4.97859
0.331495
0.61025
0.559933
0.276365
0.220837
0.428115
0.330467
1.26522
5.31301
0.118908
4.49863
1.61981
1.07961
1.01666
0.977603
0.564411
1.6163
0.177238
0.183607
0.485277
2.35735
0.328204
1.1831
0.172392
0.0702945
1.66603
0.311168
2.7822
1.17209
0.00206756
0.0680521
0.17816
1.03684
0.86681
0.240052
0.203237
0.529926
0.146184
1.85702
0.720061
1.13148
0.464806
2.02691
0.192773
2.46102
1.11591
3.6747
1.02747
0.540322
0.763546
0.415658
2.00526
0.373477
0.398312
0.8187
2.39691
0.0373512
2.49937
0.354112
1.08815
1.55757
0.933405
0.178517
0.18036
0.580852
2.87493
0.337626
0.00108742
0.548628
1.97023
0.143803
0.376411
0.0812179
1.08755
0.0329113
2.24637
4.38031
0.439905
2.41244
2.06947
1.41111
1.71908
1.43879
0.703297
1.49512
0.402204
0.406285
0.777967
0.602484
2.48932
0.722085
1.21861
0.51693
0.0669986
3.34494
1.39523
0.133468
0.316515
0.593702
1.00781
0.981919
2.69333
0.495737
0.284352
0.752854
0.0861931
0.171563
0.320399
0.160361
0.640588
0.783565
0.994562
0.0258374
0.68309
4.39036
5.08187
0.58333
0.597247
0.00684619
2.71069
0.504266
1.06874
0.418936
0.136222
0.80482
2.43135
0.404093
0.197045
1.0653
1.53647
6.51011
0.748917
2.46907
0.303361
0.433038
2.8682
1.98116
0.259934
0.542253
0.14042
0.181666
0.369563
0.666953
2.47697
2.68376
0.753315
0.0665533
0.743051
3.10108
0.418217
0.0670576
0.625098
0.600719
0.660683
1.22557
0.68973
1.41285
0.202272
0.992684
0.222479
0.672766
0.23333
1.3432
0.962445
1.16176
0.297648
0.293621
0.755508
0.526888
0.222158
0.677314
1.52637
0.372876
1.0469
1.92448
0.266284
1.14657
0.505314
0.785155
1.54412
0.613763
0.185184
0.688085
0.0142974
1.20282
0.282883
0.0334624
2.15254
0.0355816
0.534278
1.27505
0.0690292
0.876597
1.43971
3.51397
0.430398
1.79966
1.77779
1.82357
1.01484
0.00312171
0.893638
0.807352
0.0450796
0.435355
1.51083
0.299488
0.888536
4.15713
0.0716105
0.649323
3.61236
0.912054
0.895499
1.57332
3.25478
1.27924
0.34573
0.285582
1.90412
2.37746
1.02003
3.43643
0.767006
0.502546
0.188124
0.680724
1.08994
1.39677
0.497899
0.418628
0.499416
3.70774
0.697265
0.326924
0.265363
0.820306
0.659967
1.68531
0.66306
0.0450279
0.0203216
0.537274
1.49014
0.730072
1.46554
2.79529
0.203551
0.920798
0.631638
1.50359
0.6258
0.498394
0.500326
0.267877
1.9574
2.12588
1.07279
0.940731
0.00159629
0.408701
1.90656
0.699556
0.557522
0.1718
0.75644
1.85868
0.179833
1.21345
0.0484086
0.144013
2.58482
0.842558
0.250901
0.52668
0.484007
1.98733
0.449426
0.55208
0.0636623
2.52959
0.131657
0.792561
0.347842
0.0100161
1.25039
2.16285
1.56678
0.687456
2.87948
0.126705
0.362103
3.83083
0.963657
0.819295
2.02719
2.14541
1.48497
2.57983
0.170182
0.0521162
0.295586
0.401905
0.532973
1.45901
0.159154
0.00979341
0.673179
1.50075
0.756268
0.270094
0.641731
1.42808
0.109394
4.02194
0.515127
1.51755
0.143006
1.52189
0.884798
0.22659
0.289796
0.38843
0.0129216
0.854798
0.925937
0.287631
0.423613
4.05009
1.76501
1.1893
0.0244854
0.467542
0.50301
0.0179119
3.07321
0.422468
1.46526
0.309825
0.337655
2.35593
2.73182
2.00051
1.59815
1.21255
1.42121
0.00867343
0.443423
0.252369
1.16345
0.338962
7.06543
0.603973
0.36327
0.0205213
0.0723248
0.733897
0.244986
1.67443
4.30043
1.55527
1.58199
1.7935
0.0878293
2.81803
0.286601
0.368364
0.0525139
0.709468
0.817924
1.31222
0.622554
0.495492
1.32826
0.352211
2.44425
1.77345
2.72285
0.0541107
0.257097
0.440066
2.43723
0.309571
0.332198
0.231081
0.392788
0.72134
2.46661
1.23223
0.459987
4.25938
0.547437
0.143382
0.310844
0.723229
0.166698
0.734299
0.1096
1.69398
1.23367
3.35797
0.67391
0.604441
0.239859
2.12336
0.894509
0.0208368
0.222214
1.29022
3.85698
0.0401934
0.856446
1.20491
1.85006
0.0848172
0.210543
2.50695
0.0363251
0.925588
0.676098
0.764311
0.632915
0.0085945
1.50823
0.428379
0.424344
0.534615
0.792972
0.484478
1.36027
1.06173
0.562004
2.55093
0.0372476
4.28726
0.256642
0.727629
1.08885
0.025796
0.765876
0.632306
1.34818
0.503317
0.634308
0.322298
0.0136907
0.906618
3.72152
0.794424
1.07898
0.894693
0.273938
2.22991
0.559305
0.96087
1.16242
0.309452
0.986557
1.23071
0.0875375
0.356936
0.604618
0.572758
0.247113
0.0910711
0.184748
0.475663
1.1873
2.90473
0.947485
1.60408
0.355082
1.03079
0.83499
0.0472193
0.647116
0.917296
0.616304
0.189969
0.501016
0.800145
2.51867
0.3239
0.10681
0.195686
1.06826
0.0541649
0.323298
0.247103
0.234447
0.0743944
0.0811053
0.77257
0.0206689
0.320257
0.867834
1.09952
0.447538
0.200567
0.37156
0.371798
0.908796
0.39973
0.461855
0.402224
0.361596
0.538769
1.0839
1.1861
1.26462
1.12668
1.20154
2.15035
0.0374123
3.2193
0.728726
0.332986
0.0654159
0.0525565
0.191845
0.0387874
1.17001
1.14376
0.425641
2.0276
1.30154
1.52673
0.728456
0.457902
0.878519
0.59184
0.304903
0.295812
0.32657
0.11115
0.136142
0.12137
0.358463
0.568935
0.898133
0.0814531
1.71963
0.632264
1.0341
0.00396926
1.32927
0.587524
0.562376
0.929937
0.0618972
1.90461
0.714799
0.0572943
0.1814
0.2388
0.230619
0.821243
0.448235
0.0777793
0.763377
0.506432
0.375796
1.28638
0.281797
2.62677
1.69961
0.122172
0.597437
0.0780825
0.520291
0.740954
0.40787
1.47175
0.364118
0.533707
0.661112
2.03477
0.271398
0.028041
0.328978
0.0386281
0.810545
0.212844
2.44913
0.109899
0.268628
1.84047
0.639089
0.481917
0.230379
1.44137
1.00555
0.619925
0.732803
0.0668233
0.595913
3.49486
2.0599
1.87369
1.25912
1.58289
3.3573
0.941988
0.607263
0.343215
0.231413
2.07266
3.5456
2.74739
0.308892
0.718673
0.00962431
3.67608
3.22541
0.372873
0.719027
0.724509
5.64295
0.278168
0.622341
0.929141
0.0483279
3.27211
0.388484
1.46934
1.12497
0.0189508
0.830529
0.746019
0.927821
0.339699
1.63444
0.439697
1.75373
0.12837
0.0206866
1.07293
0.0614129
1.25249
0.446793
0.17572
0.0438416
0.222182
0.0606895
0.372937
0.205174
2.9372
2.75837
0.130095
0.047972
0.900355
5.06095
6.0515
0.186013
0.334748
0.918856
0.0275792
1.40487
1.01724
1.53037
0.275458
1.12237
2.63411
0.100922
0.414841
0.414433
3.91251
0.905259
0.498533
2.28413
0.351884
0.518919
0.00285055
0.34472
2.19901
0.46246
0.583003
1.0216
0.412739
0.376995
0.293673
0.659809
0.840371
0.479854
1.76861
0.444992
1.85009
3.7016
0.582386
0.259975
0.640358
1.59857
0.301097
0.276272
1.40475
0.630162
1.76854
0.429975
0.954358
0.286373
0.721378
0.300752
0.663229
0.445883
0.539358
0.267515
2.1351
0.486529
0.302683
0.267314
0.251738
0.321094
1.37085
2.33692
0.42216
0.58184
2.043
2.30973
0.289108
0.596222
1.27197
0.073645
0.854534
1.6008
0.257742
3.39253
0.296457
0.354723
0.521475
0.230021
3.01509
0.787538
0.780171
0.195295
1.02482
3.8231
1.96677
0.900828
3.85452
0.045365
0.177941
0.476622
1.82262
2.92391
2.64639
0.521868
0.90829
0.674437
0.494054
0.864226
0.975451
0.747062
0.0706112
1.40033
0.678508
0.64658
0.33854
0.00861771
0.547636
0.631337
0.165855
1.40395
0.53319
0.802346
0.684184
0.207765
0.995473
0.722781
0.343626
0.900399
0.655481
1.55641
0.0432523
4.13547
2.58946
3.18016
1.00696
0.888033
0.695445
0.424341
0.171164
1.1382
0.845506
0.23518
0.21615
0.287081
0.326454
0.0240558
0.0885324
0.0295295
1.33932
0.438751
1.05215
0.421887
2.63865
1.80024
2.24503
0.392784
1.69087
1.27917
0.180199
3.09392
0.209241
0.826675
0.346977
0.615397
1.26926
0.579006
0.216998
0.794047
1.32197
0.390455
0.583695
4.37624
0.23286
0.00440306
0.36519
0.0323868
0.660702
0.1414
1.44437
0.207103
0.216186
1.81999
4.00618
1.72597
2.54459
0.617533
1.41697
0.133026
0.0604071
1.9282
0.580158
2.30683
0.515635
1.62757
1.66635
1.25944
3.22352
0.0197747
0.584286
2.13926
0.632927
0.273528
0.0144082
1.55261
0.160538
2.45405
0.115347
0.0759291
0.171301
4.79228
3.49398
0.154983
0.327809
0.352024
1.30283
0.769625
0.384613
5.48055
0.930347
0.973604
1.28995
1.09892
0.851094
0.168104
2.5913
0.607666
4.65897
0.177618
2.16631
1.75162
1.23503
1.16684
0.484197
0.528255
0.153914
2.01364
0.703279
0.583218
1.66598
1.86431
1.91106
0.350356
1.87112
0.0600092
3.92526
0.939528
3.61513
0.408289
0.789974
0.706633
0.611267
0.434631
1.12502
0.531606
0.735684
2.78196
0.0565624
3.19128
1.2914
1.23981
0.266999
0.671936
1.75069
0.833462
1.06232
1.05791
0.911537
0.707736
2.22132
0.899506
0.126354
0.387365
0.961734
0.266849
0.0379005
0.896917
1.54263
0.167856
0.352192
0.831837
0.752339
0.819782
1.78953
0.431841
0.322101
1.86367
1.34843
3.68313
0.900621
0.294543
0.527395
1.46763
0.280033
0.147177
0.136055
0.941563
3.12426
0.332088
1.04436
0.685697
0.544644
2.04716
0.274598
3.64138
0.0053464
0.691976
1.16891
2.34353
1.15448
1.67363
1.52328
0.0768336
1.18013
0.249481
1.38888
0.165267
0.489685
0.24656
0.210069
0.666518
1.84649
1.54466
2.8098
0.287679
1.06099
0.508633
0.585176
0.545611
0.623284
0.124433
0.0661276
0.125908
1.22206
0.326761
2.12782
1.49412
0.0667803
0.330542
0.589119
1.06235
0.180368
3.22307
0.011057
0.23559
3.30829
0.0590122
1.31314
1.56757
0.467858
0.337976
0.392365
0.219316
0.919149
0.679058
1.23252
0.824053
1.20905
0.517028
0.111968
0.0980328
1.9251
0.63868
0.121868
0.173277
1.96243
0.387259
0.285849
0.222684
0.427484
0.318974
0.598957
0.00480627
0.241414
0.650826
0.0680708
1.71275
1.46048
0.145202
1.57871
1.62966
0.103885
0.362104
0.108051
0.396882
0.188188
1.69816
0.943827
0.951774
0.133979
1.51154
2.96088
0.258576
0.361568
0.179118
0.842217
2.33197
0.686889
0.00175704
0.0522066
0.246161
2.3583
1.09397
0.429097
0.950572
0.388759
1.3658
0.750603
0.290596
0.0308204
0.0207023
0.612511
0.25551
2.60486
0.0238827
3.93416
0.920996
0.436922
1.20353
0.0424686
1.7099
0.178255
1.06647
0.358295
2.52887
0.666725
0.711017
1.19542
0.14552
1.30811
1.74063
0.680733
0.361624
0.339152
0.16165
0.336596
1.02584
0.64515
1.018
0.654473
0.437153
0.19543
1.5117
1.36041
0.89252
1.26519
1.20496
2.47047
0.276739
0.595179
0.873706
2.25965
0.0896596
0.808306
1.08529
6.13831
1.46478
0.865544
0.392241
0.313572
0.153068
0.188172
1.57708
0.33529
0.561293
0.789167
2.48078
2.35511
1.3842
0.178424
0.774717
0.701964
0.642442
0.14511
3.89694
0.185393
2.72084
1.82448
0.0915315
0.452291
3.54371
0.298056
0.52368
0.83592
1.7358
0.768969
2.61936
0.46139
2.05188
0.298437
2.60009
0.807201
1.22809
2.7498
0.532008
0.999116
0.0695056
0.261625
1.07312
0.432532
0.101507
0.468566
0.393737
1.14482
0.613153
0.39855
1.16105
1.40652
1.57199
0.163282
0.578379
0.334596
0.0114354
0.0836089
0.953546
2.98254
2.89835
1.87995
0.0818867
0.285176
1.74285
1.1977
0.138756
0.387157
0.12366
1.01303
1.15488
0.274654
0.211271
0.497104
0.835264
0.313518
0.421209
0.905085
0.471309
0.904425
1.0664
1.15237
0.62843
0.0211606
0.222449
0.0181833
0.711437
0.142664
0.0893742
1.2675
0.158378
0.57729
1.95256
1.29571
0.283736
3.41424
1.30039
0.855417
0.291455
1.83222
0.16862
0.488013
0.12297
0.382084
0.316926
0.871347
0.402932
1.629
1.05062
1.69594
0.840326
0.395108
2.44465
0.986144
0.489361
4.21397
1.17406
0.361269
0.802158
2.01679
0.539362
0.639785
0.586518
2.64226
0.641901
2.42413
0.0622608
0.4413
0.195501
0.0675118
0.117594
2.12509
0.114243
1.59941
1.23048
0.847632
0.333142
1.89867
0.157859
0.913009
1.13075
0.744161
0.334726
0.611905
0.865967
0.0872036
0.0128444
0.18448
0.359102
0.462168
0.384985
2.85815
1.29998
0.154511
0.594104
1.68482
0.225775
1.02201
1.04288
1.38601
0.316522
1.85943
0.0220172
1.24595
1.42882
4.20075
3.37086
0.234206
1.1966
1.38181
1.20786
1.60361
0.877471
1.23399
0.511962
0.0731984
0.694484
0.652723
0.530225
0.892441
0.837816
0.0845152
0.0707495
0.382588
0.274015
0.0327477
0.917798
4.63417
3.05025
1.05434
1.01499
3.8266
0.934176
0.0923234
1.61071
0.109422
0.5071
0.825184
2.23876
2.75429
0.671586
0.396573
0.207439
0.0503355
0.0317649
1.94551
0.352064
1.3785
0.0260471
1.34437
0.161272
1.46981
0.738855
1.61164
0.799728
0.597131
1.12839
2.78654
1.85612
1.90129
0.147552
0.2028
0.173648
0.468992
0.33292
0.638839
1.44079
0.394354
1.63351
1.02069
5.1183
3.252
0.136988
0.147397
0.352814
0.678803
0.198553
3.17025
1.90997
0.845305
0.00106118
0.344482
0.345488
1.29713
1.21284
0.496204
0.0210572
0.348982
0.302688
0.178707
0.961919
0.342594
1.09093
3.68147
1.84802
1.46804
2.26239
0.188613
1.30076
0.159561
0.310116
1.79292
0.317813
4.63358
0.887178
0.259676
0.250157
1.49671
1.16726
0.690492
0.587632
0.129666
1.49711
0.0607854
0.522137
3.96042
0.154056
0.244098
0.265591
0.370637
1.25807
0.712563
2.00223
1.21459
2.89555
0.305316
1.68579
0.685583
0.785359
1.99517
0.009454
1.82227
0.843075
0.296514
0.263314
0.263118
0.419703
0.166226
1.05322
0.0439177
1.26572
0.633068
3.07435
0.659022
0.219151
0.633259
0.820834
0.799647
0.475927
0.150933
0.581395
0.602003
0.304175
0.322766
0.0264725
4.16343
2.19343
1.54506
1.22284
0.489086
1.73971
1.28697
0.553134
0.183771
5.79986
0.736088
2.08788
0.494531
0.450914
3.24944
1.51023
2.76584
2.63434
0.440287
1.42049
0.268719
0.946254
0.592609
0.381771
3.14651
0.587723
0.742506
0.508006
0.198056
0.980744
0.305759
0.0437794
0.750671
2.36607
1.53627
1.03179
1.48362
1.80683
0.55686
0.344442
0.519204
0.408584
1.35054
1.23868
1.12311
0.130591
0.227154
0.34954
0.925661
0.654292
0.161323
1.33725
0.620982
2.02732
0.543149
1.36895
0.246037
2.0906
0.265137
0.444898
0.595526
0.0251779
1.48462
0.441009
0.260318
2.37694
5.24742
0.299358
0.667567
0.19185
0.161638
0.55152
0.38585
2.03026
0.753693
1.3334
1.5689
0.90101
2.67265
0.496702
1.16382
0.0340346
0.408802
0.314798
1.37014
0.377393
0.372131
0.530855
1.92738
1.23152
0.991418
0.0805284
1.25809
0.205011
0.931064
2.39127
0.657267
0.359348
1.06481
1.13573
1.967
2.80399
0.836093
0.150085
0.20109
0.483765
7.76913
0.616924
2.97022
0.287525
1.18492
1.42445
0.404684
1.37703
2.34208
0.267891
0.183506
1.59214
0.794636
0.480982
2.16509
0.647506
0.860561
1.64341
2.78459
0.399556
0.0643766
0.151362
0.199774
0.000618855
0.701156
0.76123
1.29146
1.29915
1.93425
0.294468
1.43543
0.179365
1.44871
2.15878
1.90589
0.0642672
0.786151
0.89265
0.203721
0.333961
0.419958
0.0110414
0.369256
1.0915
0.0580063
0.250458
1.77273
0.243215
0.576627
0.359665
0.851892
0.197666
2.86368
5.04669
1.27409
0.534884
1.51334
2.99466
0.534084
1.00999
1.17223
0.0898987
0.39683
5.49802
2.79944
0.720804
1.22965
0.703343
0.0317923
0.857908
0.487768
1.61857
1.02366
0.647581
0.291244
1.44298
0.304082
6.08862
1.23355
0.618731
0.0808677
1.69133
0.864139
3.16331
0.7978
2.39508
5.49962
0.600922
0.25034
0.819555
1.41817
0.305633
0.28384
0.596837
1.04628
0.179004
0.144227
0.432412
0.25512
0.79864
0.231535
2.37725
0.87389
3.25689
0.335857
0.0114026
0.869599
0.586093
0.0943261
0.325008
0.0410949
0.28511
1.95121
0.108302
0.526298
0.490007
1.14468
1.76179
0.511591
0.742857
0.0684684
0.672664
0.094829
1.22674
0.225966
1.08438
5.40452
0.603167
0.62583
2.30887
0.94198
1.10979
0.971272
0.322181
2.52059
2.57098
0.307994
0.681462
0.470594
0.799694
3.39529
0.135202
1.86012
0.118183
1.02786
0.53943
0.0248705
1.17527
1.02432
0.214894
1.7717
0.778306
0.0541507
0.460854
0.277646
0.831907
1.31743
0.77478
0.147579
0.161576
0.785117
0.182906
0.843053
1.81836
0.393447
2.05906
0.0408828
0.427827
0.0705829
0.361358
0.246036
0.567237
1.70235
0.118013
1.02347
0.0900016
1.57775
0.717733
2.12458
0.893624
0.258273
2.91287
1.13308
2.43326
0.543552
0.397664
0.789549
2.71447
0.71512
0.507923
0.419748
0.0376789
0.662002
1.06127
0.372722
0.745958
2.04475
0.493396
0.0941373
0.502074
1.1488
0.383411
0.211434
2.78362
0.0710262
0.354098
0.595729
1.23216
0.193889
1.0256
2.72438
0.371727
1.35943
0.74494
1.82945
0.796072
2.35119
5.1506
1.79411
0.530989
1.25781
0.0565465
0.483092
0.513331
2.29324
0.454056
0.779501
1.2262
0.36558
0.0179345
1.24568
1.28769
0.91149
2.50623
2.08926
0.535121
1.0373
0.29333
1.55152
0.0118631
0.1657
0.820517
1.02757
0.847702
4.4043
2.07575
1.23478
1.97075
1.36954
0.688084
0.575344
0.102284
0.0219469
1.74729
0.746909
0.0284046
2.32974
1.6291
0.62901
1.92404
0.20384
0.596315
0.0539916
0.684792
1.61421
3.98288
0.440112
1.23146
3.66975
0.0456022
1.13325
0.760158
0.882572
0.73476
3.28236
0.908064
0.304383
0.571969
0.200045
1.41816
1.14766
0.625283
0.209451
0.885055
0.928261
0.750685
0.782632
0.225301
0.113384
3.69402
1.58846
2.7905
0.810848
2.07463
1.40671
0.462769
1.51686
2.18022
0.238251
0.184408
3.94012
0.270331
1.01699
0.3655
1.83188
0.325363
0.432775
0.116122
0.457624
0.161253
1.05168
1.05084
3.04832
0.0277773
0.545397
3.86525
0.151203
0.649115
1.21044
1.23232
0.985398
0.48127
1.32473
0.570244
3.51852
4.24946
3.33854
0.709639
0.744499
0.72051
0.748764
1.02526
0.0941795
2.27554
1.16524
2.01401
1.50448
0.089325
1.45437
0.404003
0.928059
0.608031
0.0117293
0.595201
0.348616
1.68166
3.30972
2.04573
1.63392
0.671954
1.48062
1.78233
0.0767466
0.0292612
4.56205
0.377139
0.653421
3.64734
0.393376
0.841808
0.740708
0.275217
2.13873
0.646872
0.259018
0.895017
0.427194
0.287107
1.44017
1.19603
1.09009
4.36628
1.48688
0.353884
1.07409
0.826196
2.9045
3.02642
0.163616
0.446477
0.319843
2.14282
0.0262128
0.443247
0.826245
0.543809
1.4618
0.0517919
1.00508
0.755672
3.98922
1.25085
1.43436
2.92803
0.445365
0.733053
1.7241
0.488444
1.01066
4.67712
1.07443
0.458538
0.00120524
0.352944
0.19359
0.124271
0.664323
2.32213
1.03411
0.073157
1.68466
0.0455968
1.28362
0.637905
0.26008
0.849824
1.22128
0.815827
1.50758
0.956287
0.66244
1.8778
0.865242
0.919597
1.31307
0.0104654
0.780101
0.127322
1.58725
1.88699
0.0756719
0.132877
1.75698
1.89768
0.268505
4.20198
0.947966
1.92103
2.19478
2.1065
0.995029
0.355966
0.337397
0.0221095
1.76011
0.850857
1.06066
0.300939
0.958401
2.94597
0.257212
0.656825
0.871841
0.95332
0.30211
0.499075
0.540587
0.373287
0.71511
0.132208
0.857812
0.0452007
1.13138
0.206102
0.143023
0.507619
0.392245
0.31974
0.483546
2.99776
1.43204
0.511468
1.023
0.310412
0.507197
2.20546
1.44481
0.00410473
0.0710651
1.2221
2.38619
0.898832
1.71211
0.974369
3.77373
0.0252735
1.11572
1.37884
0.372463
0.258881
1.88757
2.11609
0.0921881
0.775961
3.48257
0.237802
2.80312
1.45382
1.28747
2.16465
0.342311
0.427035
0.687389
2.10734
2.4453
0.108721
0.656879
1.36725
0.233936
0.0844072
1.35828
1.1851
1.18682
6.02902
1.44725
0.714521
0.248323
1.46579
3.16028
1.75784
0.508568
1.02098
1.01255
0.26731
1.41949
0.513734
3.47685
1.32842
0.115581
0.23435
0.496804
0.0430197
1.00086
0.66738
4.94829
0.253388
0.208215
0.57093
0.460839
0.207403
0.41031
0.965999
0.591624
0.71503
0.886835
0.180554
1.46624
0.12523
0.449709
0.0400261
1.43262
0.343753
0.185283
2.59376
0.611171
0.771257
0.718214
0.217992
0.216398
1.57081
0.00548616
0.65097
1.53156
0.631587
0.238465
0.371459
1.02481
1.86731
1.20823
0.49878
0.500321
0.374662
1.73204
2.75425
0.596085
2.85062
1.21336
0.918935
0.0401961
2.49048
3.0844
0.74683
0.259153
0.354781
0.942723
3.292
0.498809
1.00676
1.49358
4.57876
1.09774
2.50317
0.676711
1.77204
1.95675
0.485502
0.399912
0.299163
0.412203
1.06181
0.214362
0.928045
0.487808
1.26763
1.86474
1.88503
0.733345
0.317007
1.0562
0.366816
0.331915
2.13301
0.0485235
0.546574
0.00330304
0.714448
0.237676
0.141705
0.0253901
2.07294
0.643371
0.429241
2.33961
0.159893
2.68451
0.0168167
0.074774
0.723772
1.54117
0.319283
0.648117
0.0616956
2.30999
0.223493
1.13646
0.700497
0.0801164
1.11257
2.63762
0.335469
0.795107
1.55128
1.22566
0.660781
0.213047
0.538359
0.260896
0.0911226
3.23055
0.373083
0.572242
0.109682
0.0348465
0.415232
2.60396
0.0165091
0.208814
0.346746
0.481606
0.0845911
2.12857
1.58772
3.04025
3.58677
0.826507
1.65286
0.109773
0.307586
1.19158
0.251127
0.58834
0.311816
0.00564939
0.0494625
0.0171351
1.1888
0.577335
1.21101
0.805367
1.16778
0.423443
2.12289
0.232827
1.11242
0.478708
0.75251
0.291944
0.819802
0.980104
0.53208
0.281746
1.64808
0.538775
1.46055
0.173673
1.62182
0.539135
0.816001
4.96042
0.105521
0.472975
1.69525
0.411699
0.00460438
0.147177
0.894323
0.547645
4.68366
0.413032
3.51527
0.124896
0.643858
0.437394
1.26272
0.548978
0.552172
2.81596
4.08286
2.34665
0.372664
0.110297
0.993078
0.964626
2.46469
1.18275
0.996186
4.86456
0.616461
0.226208
0.0802856
0.196439
0.935347
0.350536
0.31714
0.473259
1.51579
0.810299
0.545465
0.987886
0.417451
2.84646
0.532749
0.837992
0.112109
0.644738
0.22439
1.08462
1.23834
1.01523
0.313248
0.50923
0.367731
4.60178
1.19711
3.19615
0.135443
0.717762
0.393932
1.8693
0.438883
0.169978
0.68416
4.86107
2.1526
0.137772
2.34294
1.78874
0.480308
0.469991
0.0418689
1.8447
0.248641
1.61043
1.2753
0.0490746
1.3587
1.19547
0.236567
0.00873689
0.472849
2.29935
0.600319
1.41686
0.088017
0.157454
2.05036
0.254209
1.09401
0.189223
0.347536
0.952993
0.508484
0.0187346
0.582994
0.31052
0.750191
0.0521949
0.752698
0.642064
0.0964928
0.232786
0.607365
1.47689
0.915129
3.30851
0.0893075
0.227645
0.0462759
0.711326
0.133905
0.0446258
1.47746
1.05365
0.103741
0.691022
1.12479
2.72529
2.3411
2.04353
0.292696
0.647814
0.64842
1.18012
7.00394
0.0263126
0.0455039
0.405895
1.01084
1.34161
0.623611
0.842439
1.19511
0.184421
0.184943
0.977938
3.04963
4.10058
0.220217
0.195827
0.189725
2.28199
1.73827
1.89877
1.35564
0.38326
0.322466
1.02708
0.956503
0.24809
0.0496479
1.93294
0.121576
1.29096
0.381692
3.6828
0.0710257
2.50425
2.7112
0.0253402
1.64353
0.45777
0.74471
2.21043
0.659093
2.0316
0.203672
0.111286
0.289808
2.40859
0.287096
0.958165
1.5413
0.433392
1.15658
0.00954809
1.01498
1.75974
0.798028
1.22827
2.85023
0.452237
0.062234
1.00755
3.4978
1.26413
1.40293
1.93589
0.0160258
2.68448
0.269768
1.1174
0.147773
0.94931
0.0291199
1.21996
0.265624
0.550197
0.0063126
0.54984
3.49355
0.348988
2.70177
1.08933
0.0456102
1.96824
0.8875
0.926023
0.36168
0.926864
4.31539
1.25127
0.208876
0.26341
0.214521
0.182829
0.0443992
1.41027
0.26214
0.260554
1.39411
1.64308
0.876127
0.115839
0.255414
1.05431
1.5636
1.52996
0.267021
0.587735
1.01548
0.334663
0.0821348
0.208098
0.576268
3.28672
0.941535
2.41098
2.42495
0.2425
0.0920914
0.851991
0.165868
0.200382
0.494713
0.205106
0.223433
2.39398
0.0586954
1.02521
1.1655
0.67508
1.15864
1.51487
0.109259
1.09747
0.185224
0.172547
0.137818
0.502318
0.315589
0.0473554
0.875918
2.26169
0.0539206
0.150497
0.610824
1.07835
1.02496
0.676458
0.763046
2.60183
1.83293
0.176471
0.123308
0.138169
0.0865348
0.0929619
0.410048
1.70183
0.266414
1.11983
0.837203
0.765216
1.30626
0.893147
0.55183
0.193347
0.834057
0.369882
1.9485
0.36949
0.988562
1.84083
1.88294
3.35947
1.9857
0.225562
0.200817
0.509197
1.60126
0.0957058
1.80307
0.381884
2.36252
0.348758
0.582166
0.0805399
0.357316
0.363065
0.437162
0.429592
0.350264
1.06031
1.65881
1.40677
0.343986
0.646813
1.12351
3.5281
0.719705
1.51682
0.349954
1.58708
0.0946932
2.87733
2.70538
1.19836
4.0283
2.5881
0.360025
0.392225
0.278463
1.19674
1.18289
0.639586
0.143067
0.507638
0.216797
0.0458077
0.865995
1.19033
0.710381
0.61948
0.62783
2.14377
1.94439
0.0484569
0.332137
0.19342
0.664009
2.12913
0.937909
1.37505
0.297019
0.978109
2.88652
3.38421
1.8656
1.63001
0.484665
0.446642
0.0115985
0.0843622
1.00359
1.61058
0.669734
3.59501
2.05209
0.507375
2.8809
0.80047
3.08253
0.987201
0.805645
0.945891
0.629427
0.175151
1.04976
1.63238
0.119586
2.6258
4.11268
0.275417
2.99303
2.17019
0.0623498
0.0654356
3.66068
0.0218258
0.090312
0.668787
0.776784
0.0591682
8.54728
1.67752
0.139953
0.486992
0.102658
2.29809
3.38456
1.27174
1.40443
0.956726
3.23871
3.24116
1.3555
1.40955
0.739063
1.55979
0.997749
2.55471
1.17834
0.633592
1.60241
2.12812
0.144833
0.466079
0.734278
2.14956
0.626886
1.28846
1.08304
0.610977
0.551492
0.0702258
0.614196
0.180947
0.50277
2.86807
2.30804
1.80778
1.45261
0.341035
0.215376
1.42234
1.00313
0.0621338
1.76655
0.433631
0.435755
0.842451
1.35247
1.58514
0.564694
0.0405139
0.0618819
0.143708
0.302143
2.13076
3.08838
0.437348
0.226747
0.206887
0.0761254
2.51587
0.709582
2.84965
0.0835547
0.330978
0.883584
0.617562
1.50181
1.99371
0.125465
0.758327
0.395135
7.68002
0.707424
1.55515
0.0698632
0.441333
0.201952
1.61588
0.547878
0.381221
0.274251
0.472477
0.503965
1.78506
2.60969
0.888897
0.196858
0.280549
0.639373
0.0222282
0.396374
0.869527
1.44827
1.31388
0.0568597
1.65121
0.453955
0.557162
0.110382
0.831311
0.462439
0.467752
1.27491
1.9489
0.961609
0.713465
0.238193
0.258146
1.32717
0.336478
0.952126
2.14544
0.752313
1.26965
2.74295
0.366367
0.259017
0.188598
0.711028
1.74289
0.0602871
0.42262
2.61205
1.04894
1.09877
4.26167
0.0780154
2.18965
2.21907
1.77189
1.4414
0.0212911
0.463013
0.275466
0.583078
0.434041
0.693478
0.090771
0.727857
2.5295
0.261887
0.391128
1.4258
0.490448
0.232495
1.63499
0.367775
0.494596
1.44312
1.6357
1.43674
1.9969
0.282378
1.45303
2.07751
1.78291
0.206885
1.41461
0.402345
0.181109
1.74321
0.172207
0.141211
1.68965
0.629308
0.0611352
0.0585674
0.0033231
0.210594
2.13607
1.32591
2.23952
0.497877
1.25643
1.60776
0.254908
1.15957
2.05758
1.0262
0.535674
0.99987
0.180594
0.294257
0.997857
1.72096
0.513272
1.127
0.40784
1.59567
0.904543
0.723908
1.54311
0.39491
0.509668
0.0927502
0.028485
0.705428
0.293515
0.998032
1.76827
0.250285
1.42805
0.127973
0.109197
0.587877
1.43815
0.193026
0.341944
2.08263
1.07702
0.835398
0.238395
0.560913
0.555963
1.63004
2.26948
0.0704773
1.98639
0.406707
2.0061
0.636582
0.802071
1.7092
0.50124
0.0571468
0.0427199
0.0123594
0.278383
1.80994
1.39292
1.32039
0.432939
0.996163
0.0874201
0.558096
0.00655477
0.115184
0.308161
1.76792
3.77046
0.204392
0.519609
0.235339
0.121659
0.293437
0.309722
1.2882
2.66006
1.48091
0.306907
0.436297
0.997385
1.1428
0.193342
2.70416
0.143589
0.189966
0.0771384
1.52777
0.777953
0.362856
3.78768
0.557335
0.886927
3.03174
1.25778
2.40559
0.822302
0.934034
0.743578
0.225053
0.199196
0.743659
1.87786
0.22474
3.07435
1.2153
1.96464
1.79411
0.692237
0.247708
0.246568
1.33968
0.413289
0.509907
0.734284
0.0504096
1.04888
0.412925
4.23678
1.50473
0.70122
0.300489
1.94261
0.329794
0.060889
0.249828
0.0203121
0.388495
0.252852
1.08942
0.417586
0.266813
0.349013
0.364648
0.252516
1.10863
0.0640244
2.08193
2.1393
0.594155
2.09124
0.216045
1.82428
4.65752
0.21654
0.104452
0.14444
1.95562
0.0907374
1.24471
1.4367
2.10186
0.242772
0.794327
1.69432
0.446451
1.53262
3.59763
1.9645
2.48556
3.00434
0.693954
0.0167292
0.459363
0.242036
0.574528
0.319081
0.281413
0.31674
0.45793
0.712728
0.484278
1.76759
3.9898
1.34069
0.124063
2.37263
1.39817
0.0727123
0.805023
0.0935009
3.08315
2.25303
0.617575
0.296041
0.72894
1.52039
0.26323
0.331464
0.276923
0.911532
0.595563
0.222449
1.82896
0.430563
0.788412
0.409063
0.401039
0.267152
0.0572308
2.45221
0.324322
0.542172
3.15335
0.989682
0.45762
0.0316419
0.963513
1.14668
1.7953
2.09876
1.73518
1.61462
0.255569
0.461234
0.51933
1.23125
0.0175993
0.195598
3.24597
0.851014
0.832095
0.103626
0.188841
2.62164
2.3439
1.03059
0.232625
0.79949
2.24897
1.86872
1.30741
1.72309
0.226658
1.53329
4.21
0.0424498
1.01114
0.4001
0.694432
0.258066
0.375863
0.934174
1.97994
2.02353
0.204725
1.12694
0.0948108
0.167224
0.499739
2.67814
0.123451
0.194614
3.73141
1.28626
1.83453
0.896179
0.53992
1.19469
0.349843
0.294521
0.775953
0.421851
0.503857
0.394496
0.276034
0.331454
1.52947
0.415367
0.851427
1.37736
0.31206
1.38543
1.09287
1.66352
0.445595
0.568099
5.13093
1.61648
0.502682
1.12541
0.679674
0.630237
1.43467
0.119669
0.00997574
0.412099
1.22768
0.161332
0.918384
1.67356
0.288206
0.419783
0.194742
0.633261
1.15216
0.301217
4.65506
0.0924356
0.184844
0.346357
0.621678
2.29064
2.56502
3.12135
1.97277
0.772275
0.707893
0.15439
0.373302
0.2682
1.20122
1.9277
1.09717
1.24658
0.626796
2.29771
1.21394
0.36162
0.74823
0.0581551
0.19525
1.55796
0.0142544
0.235136
0.242743
0.613166
1.28254
3.10189
0.793934
2.10888
0.61121
0.185714
0.0972538
2.25403
3.52368
0.0548753
0.469241
0.415431
5.79892
0.15096
0.355348
3.35315
2.11979
1.48529
1.42006
0.0969849
0.346706
0.815677
0.889658
0.663002
0.804567
0.315075
0.462383
2.64935
0.0278973
1.3817
0.83541
0.0519093
0.151554
0.279115
0.717134
1.7693
0.627089
1.34539
1.36513
0.432376
0.533907
1.3818
0.196267
0.312028
0.0204775
0.0718654
0.955343
0.65154
0.382823
0.0147006
0.126226
0.760331
1.67011
0.933662
1.22101
0.278907
0.775139
0.285839
2.32582
0.0336432
0.264582
0.438942
1.0193
0.660805
0.0702711
0.610382
3.88908
0.954626
0.714001
0.317965
0.231385
0.476398
1.41648
0.287577
1.35942
2.05698
0.31198
0.0801087
0.547958
1.45207
2.21448
1.07614
0.89924
0.613195
0.0907396
0.0681468
0.877306
0.587649
1.34827
2.96423
5.41494
0.513076
0.0736923
2.57517
0.420768
0.68527
0.14083
0.558043
0.795823
0.531904
0.524364
0.770743
1.43834
0.900097
0.00510124
0.304698
0.0456128
0.227672
2.68726
1.63669
0.474592
0.37548
3.82998
0.341131
0.755967
1.59108
1.15682
0.605653
0.304164
0.5979
2.41493
1.75139
0.465866
1.79687
0.661184
1.89124
0.0949183
0.394223
0.619987
0.66889
0.380433
2.27702
0.643446
1.62889
0.220319
0.112775
1.0788
5.14496
0.80657
1.68041
1.21514
0.511288
1.03253
0.117196
0.613949
4.33376
1.50775
3.57252
1.12009
1.57142
0.322307
0.13212
0.359453
1.82749
0.296092
1.00275
2.421
0.024919
1.56211
1.24496
1.16286
0.634342
2.13479
0.280631
0.746706
1.84723
1.59444
0.759587
1.29818
0.165516
0.278312
1.3954
1.48272
0.704186
2.11689
1.03456
1.24134
0.408115
1.15401
2.41299
0.96384
0.913668
1.07267
1.76857
1.10954
0.587666
0.461395
0.913217
0.352712
1.86987
1.91455
2.23087
2.76278
1.21876
0.41631
0.14073
2.12108
2.55318
0.425586
4.07913
1.23734
2.8805
0.881242
0.844247
1.79641
0.309626
0.281786
2.35482
0.953514
0.535594
0.101594
0.038832
0.879869
2.24008
2.8983
0.561086
0.311691
0.914761
2.72266
0.0326803
0.084465
0.232419
0.207966
0.927927
1.82601
0.0247979
0.344729
1.31722
0.43388
1.67288
0.139178
0.0758898
0.945394
0.0788285
0.80783
0.383556
0.0796076
0.395917
0.514031
0.477273
0.793746
1.65581
0.448749
0.330577
0.152138
0.218399
0.18808
0.339105
1.89709
1.42749
1.12174
1.32371
0.228784
0.699661
0.230291
0.0920642
0.740313
1.43839
1.78808
1.28609
0.29934
1.52385
2.70503
2.46272
2.76713
1.408
0.970079
0.795009
0.213171
1.78234
0.711848
0.0580825
0.494153
0.911983
0.396877
0.0676138
0.434835
0.746665
2.06429
0.310413
1.10865
2.15267
1.66866
0.00396613
0.116237
0.988792
1.69689
0.0837188
0.962623
1.38529
0.823773
0.329659
0.537947
0.920208
0.0433679
0.130486
1.17039
1.16702
1.42181
0.371794
0.464837
0.554281
0.257129
0.551306
0.733962
0.456079
0.419575
0.378986
1.54088
0.515482
0.0891382
1.31148
0.657544
0.560212
0.070821
1.0356
1.3384
3.73402
0.564352
1.71182
0.290552
0.382562
0.854305
0.0840046
0.152529
0.777628
0.275935
1.65453
0.467741
0.0876255
0.581003
0.168003
0.367626
0.290372
1.25672
0.635163
1.6946
0.215607
0.292254
0.613153
0.707866
1.87112
0.418608
0.782251
0.77379
0.431913
1.10355
3.12473
0.754005
0.585452
3.18579
0.0456703
0.057176
0.357105
0.635064
0.353592
0.288143
0.458673
1.68711
0.885253
4.95773
1.04144
1.01876
0.142313
0.212361
3.15828
1.00769
1.15038
1.07325
1.09026
0.52485
0.542728
0.0864155
0.469234
1.13886
0.0681534
0.90664
0.113305
0.405343
1.3402
0.557051
0.549324
1.66194
5.13377
0.16945
0.0291381
0.425483
0.936692
0.0614241
0.435553
0.797599
0.845577
0.0531345
0.881314
1.74751
1.58394
1.25056
1.15455
0.157719
0.053714
2.58403
1.94837
1.06572
0.975685
0.86718
0.00887159
1.0014
0.177637
2.37128
1.064
0.337045
0.346038
2.05191
1.65388
2.25742
0.51941
0.20209
0.406304
1.61235
0.208506
0.48703
0.31065
1.31048
0.466537
0.803593
0.934249
3.70131
0.213217
0.0681567
0.0819576
2.38014
0.0673069
5.08752
0.442799
0.417775
5.886
0.830581
0.312858
0.269796
0.220742
0.254081
0.601437
0.286821
0.545628
1.63096
5.89407
0.979394
0.726608
0.307712
0.796332
2.66636
1.2489
0.786729
0.473445
0.152407
0.112553
0.000852354
2.49778
0.818067
2.07958
2.80966
0.335368
0.0846606
1.23914
1.36917
0.281938
0.377324
3.41124
0.108077
0.189517
0.0266443
0.0348546
1.62904
0.604513
0.590344
0.54788
1.10067
2.13187
2.37889
0.0691624
0.0314897
0.705861
0.405854
0.44387
0.435905
0.605728
0.0704026
0.488005
0.510532
0.255133
0.796684
2.25043
0.747807
2.925
0.394804
0.64465
0.818269
0.110029
2.55119
0.611762
1.43016
0.27506
0.0373124
0.0357831
0.507952
0.125895
0.913938
0.10311
0.513045
1.9457
0.167701
0.34746
0.943663
0.769029
0.113921
1.61413
0.137414
1.46089
0.351522
0.390966
0.291734
1.33214
0.544484
1.62055
0.729031
0.234661
1.62756
0.429138
0.37384
0.0148971
0.0122325
2.2559
0.929417
0.676883
1.62922
0.0647262
0.303964
0.514564
2.65791
1.38054
0.593685
1.70101
0.322908
2.75291
0.999045
0.639395
1.90066
0.242828
1.15458
0.0910358
0.117465
0.760169
0.833073
0.172004
0.153684
1.04283
0.110504
1.26132
0.188782
1.71316
0.484043
0.820812
2.68549
0.230705
0.227552
0.591981
0.449713
0.657151
0.160755
1.43901
0.177095
0.193711
1.37838
0.172044
1.14697
0.264378
0.253392
1.04009
1.07584
0.326231
0.416178
1.14522
0.351759
0.135481
1.83219
1.19439
0.210889
3.98832
3.85613
0.950108
0.89917
2.07946
1.05961
1.7209
0.752928
1.68864
0.96844
0.1319
0.283579
0.167879
0.374679
0.171301
0.731213
1.14008
1.36161
1.48207
0.333512
2.51905
0.0160868
2.21039
0.141923
0.180537
2.41564
0.387703
0.149415
1.27156
0.084265
0.0628724
0.766946
1.93977
0.402861
0.78671
1.29608
0.00479447
0.692564
0.479257
0.164647
1.04561
0.551189
0.0442935
0.680394
0.588177
0.70663
0.0438178
1.2782
0.0644515
0.472315
0.058528
0.671229
0.271044
0.147446
0.767666
0.456243
0.802919
1.24807
0.322327
0.550371
0.550386
1.57135
0.609898
1.05254
1.71919
1.92836
1.06305
1.31518
0.217652
1.61855
0.385528
1.04201
0.141664
1.13608
0.253899
1.0125
0.242587
4.24639
0.470055
5.04789
0.97373
0.0911482
2.34498
0.234736
2.57628
0.242343
0.536968
3.21514
0.952484
0.829161
0.376465
0.569584
1.91259
3.79656
0.89448
0.713191
2.61506
1.34391
0.885303
0.314313
2.76321
2.79566
0.251642
0.451609
0.212719
3.06854
0.206919
1.24383
1.77571
0.700238
0.949867
0.0591716
0.176708
1.70253
1.23538
1.9334
0.244379
0.478453
1.97187
0.0106945
0.0277219
1.50526
1.22191
3.15683
0.126528
0.152654
1.11262
0.878701
1.29003
1.12723
0.670138
0.694993
0.243673
1.55716
0.185092
0.159922
0.291429
0.374224
2.99693
0.293235
0.166348
0.377343
1.24752
0.145632
3.98687
0.00950091
0.456905
0.409751
1.92935
0.302043
1.21769
0.122761
3.41996
0.190768
0.24758
0.325866
1.81717
0.338493
0.517611
1.87995
0.308962
1.9453
0.00174403
0.0886516
0.737388
1.31508
1.35424
0.427689
0.27621
0.390125
0.0333865
0.354525
0.788861
0.18771
0.139969
3.00996
2.13528
0.924266
0.316936
0.0646343
0.0790884
4.19881
0.324436
0.466483
0.117622
0.0681848
0.135283
0.199034
0.128345
2.50865
5.81943
1.47517
0.106268
3.66445
0.317241
0.200362
1.84855
1.0383
0.0233738
1.66627
0.875679
0.0525966
0.609473
0.479181
2.05696
0.398354
1.74027
1.29612
0.178048
0.0423202
0.381885
2.89009
0.963459
0.202201
0.531779
0.477651
1.00068
0.316949
0.218051
3.01164
0.870548
0.0411279
0.169427
0.398875
0.328019
0.245717
2.86398
0.600069
1.09947
2.40468
0.905503
2.17585
0.227838
0.0665903
1.34073
0.766372
0.684582
0.775906
0.290168
0.202846
0.988577
0.306251
2.30426
0.499288
1.27534
4.04167
0.582424
0.266857
0.234946
0.113975
1.19201
0.468057
0.405895
0.16903
0.0938386
4.90436
0.437091
0.329483
0.174773
0.0559553
4.04092
0.515853
0.775564
0.545399
0.753921
0.557333
2.30168
0.354175
0.328678
0.0614636
0.459648
0.792178
0.855186
1.25083
2.44655
0.380996
0.128966
0.0140842
0.219177
0.763491
0.0156307
0.495226
0.508881
1.32686
4.61712
0.312143
0.701796
1.32771
0.469909
0.435754
0.838931
1.05482
0.324263
0.70133
0.57752
1.42636
0.665206
1.23057
0.615687
1.2159
0.886331
1.02684
1.00036
0.771164
1.63907
0.403133
1.39107
0.13483
0.0594151
0.519563
0.0103144
0.472096
1.30069
0.571118
0.846742
1.70522
1.09328
2.14495
0.933099
0.0295136
2.22609
0.135459
0.371303
0.513114
0.776514
0.0966266
0.468605
1.40555
0.690132
3.57227
0.576173
0.337864
0.332253
0.774525
11.541
0.475847
0.971796
0.818626
0.37037
1.31796
0.313986
1.53754
1.25005
0.445557
0.738664
0.061541
4.1261
2.41052
3.52541
0.00278429
0.109535
1.88228
3.12884
1.57432
0.0331754
3.37693
0.300548
0.790318
2.64154
1.38967
0.679539
1.53953
0.435065
0.0868483
1.29866
0.70882
2.64572
1.57466
1.73509
0.411423
3.98808
0.786911
5.05653
0.332058
1.01962
0.869768
0.076626
0.866837
2.36698
1.58638
0.0204883
0.141574
0.227072
1.08805
0.127012
0.0439468
2.10416
0.701815
0.55034
1.36412
0.203423
0.906537
2.26329
0.242513
0.254672
0.990117
1.53905
1.60497
0.471258
0.00280021
1.24133
0.113517
1.08629
0.642058
3.47098
0.747742
0.964391
1.01441
0.817862
1.66924
0.114556
1.42218
0.558028
0.320821
0.945302
0.594858
0.565636
0.0713633
0.679561
1.12824
0.733878
0.0688808
1.27858
1.01891
1.00028
1.76612
0.851626
3.14792
1.71769
0.184067
1.59723
1.31374
0.0896976
1.6687
1.37156
2.64947
0.569258
1.04007
4.21646
0.987797
1.05918
0.0749751
1.95747
0.882829
0.365056
2.72439
0.768381
1.12589
0.587427
0.825009
0.0205024
1.03054
0.7716
0.497591
0.977392
1.2954
0.136996
1.17342
0.541757
0.927454
1.19004
2.03552
0.163906
0.223795
0.284463
2.21115
0.137802
1.7296
0.135618
0.316128
0.841484
0.161823
0.759591
0.194812
2.62126
0.826278
0.313244
0.121906
1.15091
0.382194
0.231708
1.24638
0.111163
0.0669927
3.35409
0.103112
0.639547
0.230942
0.369749
0.458905
0.326417
0.929163
1.48775
1.06714
2.24919
