0.0396846
0.0101693
0.190031
0.0579398
0.186337
0.0950042
0.0127435
0.062692
0.186212
0.0904123
0.00490175
0.00619164
0.0010626
0.146051
0.0491178
0.0146873
0.026658
0.185042
0.120623
0.298351
0.00216577
0.0517217
0.0676752
0.228633
0.0681324
0.0301069
0.022884
0.00567234
0.0667353
0.145688
0.0779267
0.23728
0.0269311
0.0969177
0.104251
0.172326
0.0178601
0.0954988
0.0965629
0.129053
0.0289002
0.20455
0.206425
0.0702332
0.0724741
0.00341715
0.187376
0.0991998
0.00715318
0.279167
0.0790218
0.0661304
0.0328097
0.0283537
0.0585278
0.263254
0.073976
0.0793272
0.0233392
0.0848322
0.00265866
0.0563041
0.156785
0.0315037
0.0372181
0.00276248
0.0426355
0.0404671
0.128027
0.0739033
0.0691903
0.321126
0.0818631
0.0137384
0.0606971
0.049175
0.0346071
0.00381707
0.0615552
0.0309663
0.0483634
0.179348
0.00981216
0.132906
0.020634
0.211611
0.248313
0.134756
0.0605718
0.0186884
0.308535
0.00555888
0.271312
0.0167303
0.0747929
0.0738206
0.0808438
0.00245028
0.256004
0.00247442
0.124496
0.387721
0.0543264
0.107363
0.01582
0.299805
0.0150439
0.101433
0.240393
0.0355404
0.0304751
0.0530003
0.269331
0.416653
0.00679661
0.0703778
0.114934
0.119461
0.0390792
0.085136
0.0540682
0.061831
0.0777047
0.0193866
0.0745772
0.0233225
0.0758109
0.149947
0.0637608
0.170691
0.187634
0.0594604
0.174775
0.0139347
0.0775808
0.166058
0.223255
0.0540297
0.14966
0.113008
0.0564818
0.181855
0.156097
0.262851
0.346679
0.0428701
0.115654
0.00986577
0.0237433
0.0900126
0.0850561
0.0180314
0.00426168
0.0289585
0.0828561
0.0121359
0.0964966
0.0448401
0.00955496
0.103867
0.00683728
0.0124943
0.00973261
0.105843
0.0293281
0.0968976
0.0736143
0.231721
0.0194736
0.0120182
0.124098
0.0567492
0.0553161
0.0190536
0.00814664
0.0197151
0.0284796
0.048435
0.112256
0.0360684
0.124502
0.330849
0.00794523
0.140384
0.0607869
0.205996
0.0129355
0.07867
0.0754371
0.215787
0.47022
0.0280497
0.184648
0.0136332
0.0141073
0.0211438
0.116596
0.0901325
0.0742079
0.255924
0.210081
0.0126203
0.156825
0.0402317
0.314122
0.0393805
0.108384
0.00285363
0.00218548
0.00472386
0.0297053
0.0566372
0.0986987
0.121081
0.135881
0.00822931
0.0339552
0.0171602
0.167174
0.102944
0.00775105
0.0788978
0.0726843
0.0204506
0.162533
0.081335
0.277251
0.0119076
0.0385184
0.118962
0.0231706
0.0447926
0.0467672
0.00159811
0.0456829
0.0354098
0.0899882
0.167925
0.0856758
0.182202
0.00467571
0.157358
0.0167472
0.0332521
0.227889
0.0226149
0.405477
0.0473527
0.110244
0.0576436
0.132364
0.00879023
0.0841858
0.095589
0.0602052
0.0868172
0.0603754
0.0941978
0.402859
0.342315
0.18316
0.00714148
0.131291
0.0228421
0.0785985
0.218547
0.033314
0.142155
0.0512262
0.107019
0.0437742
0.0640198
0.0851261
0.0869691
0.0890564
0.0169885
0.336557
0.0447062
0.122454
0.0491316
0.025366
0.078968
0.0658649
0.00461995
0.177543
0.198327
0.00876177
0.00457254
0.159118
0.582225
0.0272289
0.164903
0.0579223
0.0446285
0.141433
0.28404
0.146202
0.0378644
0.220262
0.1017
0.290691
0.0470635
0.00349163
0.0349621
0.0442444
0.202602
0.0336248
0.190772
0.147582
0.0843711
0.0391883
0.0428832
0.00890288
0.168262
0.0171585
0.0224084
0.0192944
0.081446
0.0218208
0.117388
0.0409772
0.255693
0.0198016
0.0204179
0.167069
0.124548
0.0587505
0.0823757
0.258298
0.0480015
0.00327771
0.0451555
0.034813
0.447824
0.0162949
0.0184374
0.105982
0.0942224
0.0624679
0.111304
0.141459
0.129496
0.136998
0.65514
0.212689
0.00770358
0.0439041
0.12997
0.0544117
0.0632385
0.0076889
0.0141936
0.00798326
0.0100317
0.150387
0.0159585
0.0158746
0.147313
0.0602791
0.0800929
0.0497079
0.109993
0.00615035
0.196934
0.00130088
0.00156134
0.133623
0.060824
0.0242127
0.0307944
0.189726
0.0537681
0.199627
0.0251879
0.0480415
0.0856772
0.134457
0.106959
0.0191458
0.0357387
0.211616
0.20097
0.0700193
0.0657397
0.0738624
0.127886
0.0703816
0.0285683
0.0146346
0.113813
0.287853
0.229474
0.0050416
0.0295442
0.171607
0.0807026
0.0184284
0.0645479
0.0400766
0.00210804
0.0350703
0.155551
0.108878
0.0486991
0.0762502
0.309274
0.0153515
0.170198
0.034221
0.0504056
0.0237853
0.0100958
0.0465112
0.0732709
0.146664
0.0435242
0.112715
0.0710559
0.0408766
0.0770081
0.353119
0.00870287
0.0858332
0.00993561
0.0321703
0.130307
0.107758
0.0462242
0.0395653
0.220338
0.333662
0.0257175
0.104661
0.102079
0.0988936
0.0479485
0.122761
0.0381258
0.0574136
0.329584
0.108352
0.0974451
0.0833443
0.156024
0.0239945
0.11969
0.106748
0.196052
0.00434235
0.108771
0.134935
0.0832112
0.0420513
0.013623
0.0714096
0.0133761
0.298841
0.018282
0.0557243
0.133019
0.0809549
0.0322451
0.019285
0.276128
0.0753537
0.149031
0.339379
0.121755
0.174702
0.0227336
0.0193946
0.138852
0.0659167
0.0185245
0.179185
0.0815548
0.0247939
0.0188491
0.0597305
0.095167
0.0981939
0.222456
0.118303
0.0481069
0.0587199
0.0606832
0.0523534
0.0651234
0.0597932
0.0167943
0.0634321
0.0854188
0.0542158
0.0167129
0.652081
0.0722174
0.117337
0.10507
0.0514084
0.016733
0.178144
0.000873079
0.147251
0.054167
0.214637
0.0458293
0.0119556
0.00779988
0.1228
0.0235206
0.273776
0.130967
0.264004
0.0515563
0.109931
0.0777236
0.33517
0.023739
0.0555849
0.0156343
0.106863
0.147775
0.100812
0.0377132
0.41725
0.0785415
0.342254
0.172985
0.0488721
0.0252167
0.0170281
0.0033087
0.0181197
0.0986396
0.0139518
0.121649
0.0674719
0.00507241
0.0001261
0.0729099
0.0678848
0.0870296
0.0506033
0.171985
0.312369
0.23276
0.100242
0.00938306
0.0102722
0.00416811
0.0259364
0.0942005
0.295176
0.0920761
0.0315996
0.211776
0.171107
0.33604
0.0126548
0.0254045
0.0463812
0.30107
0.304116
0.015141
0.14658
0.0605182
0.109183
0.187283
0.0570907
0.0793538
0.0907283
0.08253
0.223511
0.0814012
0.0972614
4.62831e-05
0.0237421
0.0911023
0.00668443
0.0870805
0.0760046
0.00923644
0.360615
0.199398
0.0226219
0.129601
0.0255244
0.119283
0.445621
0.0574818
0.4384
0.0876154
0.229094
0.156415
0.0013372
0.150525
0.0087461
0.0483018
0.0334108
0.0876422
0.0422234
0.118343
0.0685838
0.0483215
0.128623
0.235684
0.223889
0.212381
0.120055
0.021838
0.274107
0.00678824
0.062064
0.61265
0.038664
0.0502194
0.160374
0.129692
0.186541
0.11734
0.00617567
0.0653846
0.093859
0.0306381
0.128134
0.0221566
0.00631665
0.137317
0.00520013
0.165692
0.0509109
0.0168098
0.0428389
0.171329
0.160159
0.10701
0.0359796
0.226949
0.577737
0.0856589
0.255411
0.234297
0.126138
0.00982745
0.0860563
0.245772
0.0563974
0.0210773
0.0961335
0.115828
0.384733
0.0340396
0.0104236
0.011852
0.0727265
0.0135911
0.010115
0.0142791
0.038409
0.0426256
0.0118113
0.0986553
0.252674
0.0351811
0.00785263
0.141613
0.0106409
0.0820499
0.058595
0.0355851
0.0246617
0.119897
0.216691
0.0560025
0.0479735
0.125918
0.0071627
0.0658128
0.33417
0.134157
0.00361447
0.0205671
0.362352
0.0536691
0.111574
0.191903
0.137573
0.0773287
0.148948
0.00518949
0.0711038
0.0477503
0.0233128
0.026294
0.0296711
0.028638
0.10631
0.183152
0.0693588
0.145647
0.0626004
0.0485353
0.0419545
0.0450779
0.00970549
0.378666
0.0514322
0.0661614
0.0993738
0.18678
0.00849897
0.00287897
0.269825
0.0368013
0.113058
0.068678
0.187118
0.128584
0.180804
0.0444895
0.00113986
0.238184
0.192708
0.0156803
0.151574
0.0724717
0.0384645
0.138161
0.125585
0.228205
0.0903943
0.060592
0.0201712
0.25303
0.106254
0.0200456
0.079219
0.0297214
0.139453
0.0593369
0.0597697
0.104899
0.0583798
0.0794031
0.116745
0.100625
0.0574936
0.0613712
0.0207407
0.0277621
0.170265
0.307321
0.0820472
0.01762
0.00807319
0.0587856
0.147454
0.208057
0.0728077
0.00353591
0.0487177
0.0306327
0.0658156
0.0353381
0.245285
0.0194034
0.279849
0.0312575
0.140142
0.0643917
0.234432
0.0172651
0.0250032
0.00397668
0.0231287
0.0336691
0.019936
0.028557
0.0106668
0.129854
0.143237
0.056023
0.0257702
0.0205476
0.11221
0.146626
0.0512793
0.0864638
0.0970911
0.0229468
0.143809
0.187079
0.0348862
0.146895
0.142711
0.0639927
0.0641627
0.256933
0.0659513
0.026906
0.125585
0.0411567
0.177137
0.10979
0.0146139
0.107053
0.00344827
0.130774
0.15585
0.131083
0.00175906
0.0258415
0.0146184
0.162332
0.0105493
0.0540508
0.011574
0.02094
0.079345
0.042794
0.0318553
0.22859
0.0622861
0.0544509
0.0847939
0.137865
0.0747048
0.106508
0.0197084
0.0561996
0.00716046
0.0220823
0.275196
0.00534747
0.000314492
0.0740044
0.215369
0.104849
0.00899508
0.202544
0.0497588
0.0177745
0.00336653
0.048828
0.0472753
0.0485409
0.356224
0.0719518
0.0125603
0.0470955
0.134745
0.00561258
0.0181841
0.190355
0.0757003
0.0683419
0.186562
0.00307997
0.0475173
0.00212597
0.187268
0.0626114
0.410052
0.146016
0.0545903
0.0393665
0.0502561
0.150658
0.107268
0.107987
0.00222589
0.0209939
0.045933
0.0137193
0.0683685
0.0137592
0.00513379
0.117771
0.208906
0.180197
0.0604643
0.155124
0.120483
0.0688523
0.027863
0.0609787
0.047155
0.037031
0.0280304
0.298151
0.0533179
0.0282759
0.157113
0.0356698
0.00121877
0.00602801
0.111463
0.0454937
0.0654252
0.413578
0.016092
0.179839
0.000197882
0.114562
0.0910341
0.123251
0.0292183
0.212516
0.0251824
0.136956
0.0429727
0.0284289
0.0465093
0.0480581
0.105724
0.381799
0.29104
0.0940508
0.23763
0.0920599
0.0507345
0.0409751
0.0260903
0.0705327
0.179256
0.121369
0.0578737
0.114848
0.118536
0.210355
0.0261099
0.0211049
0.0792769
0.169306
0.116313
0.179515
0.0612836
0.0662745
0.105722
0.0838515
0.0617288
0.00672255
0.0556773
0.0120108
0.0981429
0.0954733
0.0382079
0.0353327
0.0240678
0.122276
0.0765093
0.0941828
0.0570982
0.0740763
0.259244
0.0647643
0.0335538
0.28717
0.00518347
0.140675
0.479387
0.00740519
0.0124502
0.295486
0.0790691
0.138618
0.0270137
0.100279
0.176451
0.0777623
0.0782806
0.0955608
0.177555
0.110825
0.103032
0.0349684
0.0631492
0.0587736
0.252024
0.141321
0.0674815
0.101782
0.0187051
0.00756203
0.415275
0.0420356
0.0101635
0.04061
0.334645
0.156974
0.0140079
0.219511
0.0841272
0.105506
0.012122
0.0367842
0.0410379
0.0328525
0.0372169
0.0840974
0.00931306
0.0610209
0.0315192
0.300739
0.229565
0.00823024
0.00338449
0.0171435
0.106119
0.0396602
0.01991
0.0169084
0.126097
0.162314
0.0252545
0.0259047
0.0192493
0.0135534
0.184437
0.139875
0.0208399
0.0727412
0.0625895
0.0216714
0.263234
0.174838
0.118499
0.172118
0.0938
0.0801727
0.00722699
0.0989152
0.0124983
0.0380226
0.115052
0.613648
0.131803
0.0374114
0.0143213
0.082769
0.0575438
0.0248342
0.0389948
0.158469
0.0405018
0.00969837
0.0925798
0.168199
0.100915
0.122637
0.142561
0.241
0.148015
0.219476
0.0414415
0.0342043
0.00766612
0.0358539
0.177201
0.0771907
0.0810075
0.0233893
0.0190811
0.0357144
0.0346218
0.120428
0.0138097
0.115159
0.226675
0.219649
0.379768
0.207671
0.0848773
0.0868116
0.00726721
0.0648094
0.0331283
0.233566
0.127766
0.00719409
0.0683846
0.0536294
0.29237
0.0655783
0.00341124
0.0193758
0.0771381
0.0334578
0.0713922
0.0336164
0.513436
0.000978538
0.201478
0.0504376
0.152717
0.0851866
0.0681361
0.117478
0.0609231
0.0568932
0.061246
0.176765
0.0106695
0.31141
0.037337
0.0453843
0.103429
0.0694299
0.000454762
0.0137828
0.066766
0.131762
0.0483105
0.00880658
0.771136
0.102683
0.154855
0.0161153
0.0424647
0.157731
0.0276891
0.0662877
0.0172275
0.0337699
0.132904
0.142059
0.0814756
0.273767
0.0105909
0.204669
0.0010923
0.0191199
0.412734
0.105742
0.0777111
0.0186995
0.0527983
0.00309076
0.14595
0.110372
0.0582828
0.0179064
0.0372512
0.00415495
0.0557497
0.00465889
0.00184421
0.00702436
0.0433075
0.00802246
0.0795521
0.265439
0.147579
0.0112394
0.159247
0.251628
0.190596
0.0580293
0.107297
0.0469232
0.461802
0.0388932
0.102831
0.0400543
0.0775842
0.0474232
0.176489
0.0480432
0.0130099
0.0764538
0.108876
0.0327722
0.00360816
0.233189
0.0108588
0.132079
0.0297661
0.0140938
0.0913198
0.273061
0.07789
0.130869
0.0565285
0.0365363
0.0108943
0.194577
0.212681
0.319406
0.0523485
0.00898366
0.136167
0.0478173
0.0782336
0.0982877
0.119369
0.175512
0.117941
0.074518
0.000275514
0.303139
0.0223198
0.0406775
0.00561405
0.0145977
0.129767
0.135125
0.0318371
0.00492985
0.000235611
0.112037
0.183126
0.251035
0.111969
0.0472336
0.1515
0.0036957
0.135339
0.289436
0.215445
0.313885
0.00989871
0.18306
0.369416
0.278916
0.101284
0.199826
0.00236851
0.00958718
0.0710487
0.0120468
0.0907926
0.136736
0.229194
0.0487867
0.017768
0.0771341
0.315554
0.0847716
0.131358
0.128572
0.0343259
0.0702968
0.0412759
0.0217646
0.0832363
0.154591
0.210844
0.132228
0.116961
0.00785477
0.15074
0.329883
0.0109439
0.0424409
0.00127852
0.0777171
0.105491
0.0969351
0.345753
0.00509085
0.0807432
0.108824
0.103968
0.0133281
0.36019
0.0159426
0.124427
0.0336664
0.110298
0.156283
0.218674
0.587014
0.0289641
0.313102
0.0213459
0.0581174
0.0758371
0.0261404
0.0718807
0.0714897
0.0601738
0.0609468
0.00376017
0.0751926
0.0135345
0.138693
0.00172345
0.0188074
0.0627851
0.372867
0.0478353
0.01341
0.226218
0.0214581
0.115725
0.306441
0.112402
0.0855581
0.256686
0.114449
0.0358171
0.0343481
0.106192
0.0938305
0.0721704
0.196883
0.665996
0.177316
0.0493946
0.0646816
0.343308
0.403115
0.00329219
0.158569
0.100066
0.121867
0.0438909
0.119055
0.104247
0.0388527
0.0612508
0.0717091
0.0931589
0.0283881
0.0105241
0.0252237
0.139325
0.0904332
0.14247
0.0135458
0.0735663
0.0744393
0.15979
0.0631761
0.05772
0.158442
0.0231113
0.0797952
0.193778
0.00406809
0.0609741
0.158509
0.00278649
0.0301235
0.27342
0.035405
0.0038291
0.00417608
0.0653899
0.0398921
0.00659397
0.390216
0.0709625
0.0372782
0.0681539
0.182513
0.0264859
0.14819
0.0475144
0.243942
0.0654827
0.142049
0.129488
0.0124433
0.0912695
0.0244549
0.0164903
0.0350365
0.316375
0.192899
0.0449081
0.0280641
0.0792205
0.310783
0.387091
0.316832
0.0177351
0.111881
0.0253882
0.0887817
0.117935
0.0345336
0.261554
0.100113
0.51147
0.312388
0.0497609
0.175247
0.196903
0.0447657
0.0918883
0.0314022
0.0895909
0.263041
0.0304357
0.0300075
0.103759
0.268833
0.0230084
0.042755
0.227955
0.0114779
0.0950508
0.0129684
0.384483
0.0257324
0.0932736
0.0210531
0.0249173
0.013507
0.10965
0.229554
0.115401
0.131626
0.0506168
0.0312865
0.158315
0.075036
0.0159222
0.101169
0.00514858
0.000785034
0.309509
0.0753278
0.0425272
0.0895727
0.0434238
0.0288733
0.047978
0.0706448
0.0708186
0.11733
0.106313
0.0155082
0.0233564
0.18714
0.0838765
0.0476787
0.0217887
0.0838227
0.0118269
0.0454552
0.0407221
0.00235527
0.104432
0.0343658
0.0143792
0.0473418
0.0341666
0.0937838
0.0112893
0.0215925
0.0458354
0.0265636
0.0643911
0.00552442
0.0693034
0.0232497
0.126765
0.224141
0.136563
0.0409857
0.0634195
0.0824652
0.0440967
0.0344055
0.0281136
0.00982151
0.0995604
0.11449
0.0757579
0.0230727
0.0415955
0.0908094
0.121733
0.0715839
0.031902
0.0121796
0.0354051
0.291851
0.0442257
0.0329403
0.0126957
0.259411
0.212038
0.00575678
0.119279
0.123281
0.0363819
0.131524
0.0876182
0.0671397
0.0196981
0.0379048
9.50717e-05
0.120397
0.100636
0.0483713
0.0385855
0.00407451
0.41181
0.234695
0.227809
0.126258
0.241496
0.075131
0.136885
0.053348
0.139468
0.187859
0.0797424
0.062127
0.0473048
0.0134831
0.0759653
0.140988
0.0165311
0.550843
0.106367
0.193402
0.0725862
0.097271
0.110879
0.181288
0.0981168
0.182534
0.0716946
0.0420219
0.0956387
0.139866
0.0758752
0.0448117
0.287063
0.0380418
0.0084955
0.0242345
0.0394388
0.0455735
0.270338
0.0330239
0.149694
0.100687
0.00498093
0.248727
0.0256302
0.0258071
0.0213994
0.0118238
0.0292141
0.00752257
0.216117
0.0442926
0.0489167
0.179808
0.0224583
0.0271406
0.0744038
0.160876
0.244645
0.0260269
0.264307
0.0262715
0.0650499
0.0264913
0.0393403
0.116444
0.0456889
0.0375576
0.0892685
0.170418
0.0271085
0.0181457
0.0767291
0.0127093
0.0606999
0.158668
0.0336389
0.0180473
0.0595471
0.249568
0.137288
0.163806
0.0548345
0.0865444
0.111283
0.175297
0.229162
0.0678644
0.170584
0.0902807
0.0952635
0.0909833
0.121835
0.0162656
0.0295526
0.0401279
0.0592061
0.0337877
0.0774689
0.0132256
0.0233291
0.00949214
0.0143308
0.095942
0.128894
0.0592529
0.26438
0.00913728
0.0569693
0.0023329
0.0160594
0.0919088
0.120509
0.0240382
0.161777
0.0483161
0.0976058
0.0812728
0.424861
0.233689
0.296292
0.0123875
0.0746998
0.0204731
0.0843909
0.0418603
0.0623521
0.17751
0.0133456
0.216045
0.215327
0.0302681
0.0201671
0.221668
0.089753
0.115946
0.0758487
0.0303955
0.01397
0.033009
0.00510476
0.0482478
0.101537
0.00909153
0.11429
0.170196
0.00597611
0.0141402
0.578802
0.0652194
0.0204582
0.0313778
0.193922
0.143007
0.00603791
0.0263393
0.106389
0.0149674
0.0221045
0.0524533
0.112249
0.138581
0.0206056
0.182069
0.00191144
0.0555321
0.00919347
0.258566
0.104852
0.123186
0.0249134
0.0453146
0.00113139
0.0393322
0.145587
0.161252
0.14029
0.101151
0.129692
0.117134
0.00467362
0.0804757
0.127017
0.222639
0.401664
0.0546819
0.0129293
0.0643323
0.0886696
0.0466453
0.00600056
0.0273621
0.24416
0.105436
0.131431
0.0630691
0.12706
0.0514848
0.0895125
0.0481488
0.0313977
0.0564332
0.195528
0.174876
0.119879
0.0567122
0.213418
0.11054
0.0666486
0.020985
0.185455
0.0544959
0.0742226
0.0268267
0.0372171
0.0849181
0.0312961
0.0678372
0.0133126
0.0164966
0.0689585
0.0470882
0.0151441
1.037e-05
0.0169818
0.19713
0.0361742
0.0306332
0.155428
0.00288937
0.0858997
0.0940615
0.00862781
0.0856673
0.0229822
0.106148
0.456223
0.155431
0.177398
0.0123906
0.288918
0.0685633
0.286582
0.0205775
0.11564
0.0656771
0.020159
0.0942499
0.0170705
0.203842
0.386491
0.000267933
0.00151405
0.3866
0.00434292
0.201199
0.024915
0.015694
0.0208908
0.182923
0.0262314
0.00105026
0.001554
0.107406
0.0329747
0.153732
0.252837
0.0410266
0.0305606
0.363627
0.324163
0.00721892
0.118554
0.00793667
0.00622809
0.0430775
0.0334144
0.13869
0.005876
0.164755
0.0887044
0.294454
0.00996141
0.0307215
0.0309786
0.0726701
0.198364
0.0720218
0.0548939
0.149621
0.0188205
0.0368477
0.0796065
0.0810593
0.0479873
0.00820514
0.0811762
0.0228044
0.0178813
0.198344
0.0509041
0.00733746
0.0127723
0.308846
0.162584
0.298878
0.131271
0.149408
0.0852222
0.606598
0.0170417
0.0623088
0.0004331
0.0966078
0.0480232
0.112647
0.21351
0.170718
0.0220805
0.012418
0.0865728
0.0737095
0.0771861
0.0331652
0.138016
0.0461977
0.103777
0.254601
0.0103196
0.0649674
0.0907592
0.127191
0.149639
0.108162
0.106677
0.119102
0.18142
0.100911
0.45239
0.17544
0.0368046
0.114537
0.0228595
0.0479793
0.0423978
0.0329824
0.0287045
0.0645072
0.456698
0.0245456
0.0158868
0.0436133
0.000642847
0.105572
0.00754181
0.209313
0.0402424
0.108384
0.0331893
0.134196
0.0915087
0.138817
0.0474257
0.226753
0.0317419
0.175294
0.0539364
0.127588
0.19798
0.016591
0.0464527
0.045685
0.135008
0.142158
0.0549865
0.196387
0.00558757
0.174863
0.0940736
0.051236
0.0247026
0.0790295
0.0366038
0.0508133
0.0735594
0.275868
0.00626131
0.121302
0.0361263
0.0147615
0.0306326
0.0864695
0.0289168
0.109883
0.0184248
0.212529
0.0311056
0.0163169
0.138419
0.308549
0.0587899
0.00223135
0.24213
0.142138
0.0986683
0.115627
0.0766741
0.120423
0.00749197
0.104858
0.204535
0.117508
0.120233
0.0145361
0.148869
0.261689
0.0576745
0.103731
0.0338597
0.208227
0.0182167
0.000464307
0.00642146
0.517544
0.136683
0.0463451
0.0136949
0.10809
0.102261
0.125138
0.0697542
0.17272
0.105267
0.030473
0.0157768
0.200299
0.0248141
0.0542607
0.144103
0.0227302
0.18302
0.10377
0.288013
0.00877333
0.00613143
0.170829
0.0160305
0.0122913
0.0857505
0.0792735
0.0038722
0.00073279
0.261853
0.349081
0.105162
0.00362212
0.0317086
0.070867
0.249372
0.12937
0.146644
0.0104483
0.00218496
0.0288066
0.00497083
0.0499871
0.0115279
0.00512319
0.03182
0.0539185
0.177423
0.0186316
0.0355455
0.0234477
0.0273966
0.170393
0.0557294
0.261277
0.0746885
0.102137
0.0286616
0.243523
0.010226
0.0237227
0.00907362
0.0274414
0.0696802
0.0292113
0.0740868
0.0250964
0.119118
0.00653172
0.0761961
0.0491822
0.0170495
0.109267
0.121125
0.0569786
0.0408667
0.019433
0.00414692
0.10112
0.318522
0.231408
0.221473
0.0267792
0.109921
0.0998517
0.056696
0.0344649
0.0703771
0.112585
0.0322159
0.0712534
0.13888
0.0106067
0.105208
0.0738414
0.0886661
0.1197
0.117462
0.0171308
0.0133305
0.0176332
0.0373999
0.0177598
0.0293938
0.472054
0.0198631
0.235621
0.198164
0.0936425
0.0323791
0.0762398
0.204771
0.021984
0.0815569
0.0124478
0.101168
0.14371
0.0228744
0.0282518
0.0202467
0.228559
0.353447
0.0937361
0.153009
0.155946
0.0130215
0.00238284
0.0481642
0.253986
0.0628825
0.061514
0.0451019
0.000958223
0.415307
0.0704889
0.017786
0.106341
0.079207
0.17439
0.0251653
0.0233049
0.0267296
0.00680937
0.155986
0.0446549
0.134548
0.138581
0.00608819
0.298001
0.0463394
0.0974569
0.0172514
0.066225
0.0164666
0.384175
0.0654928
0.221359
0.0704132
0.0600263
0.194348
0.360521
0.00416079
0.147728
0.00740742
0.00996756
0.262789
0.640284
0.0259556
0.0871694
0.0463035
0.125119
0.0603138
0.0413622
0.110579
0.117337
0.0576507
0.0209108
0.0476006
0.0750722
0.0420518
0.0561783
0.00638435
0.139576
0.0749939
0.0115576
0.0144233
0.221276
0.0986115
0.0729927
0.0362754
0.0012663
0.0662298
0.0518825
0.0111185
0.0273948
0.0528533
0.0521139
0.00229157
0.128091
0.0358363
0.0220512
0.126025
0.0891409
0.00909665
0.199827
0.179385
0.0453905
0.00390804
0.423034
0.247819
0.0425193
0.0513139
0.286348
0.235838
0.0629197
0.219847
0.296125
0.132871
0.0119302
0.0710449
0.0333391
0.0739724
0.0534273
0.0271188
0.0309737
0.1907
0.0707034
0.0040366
0.0563735
0.104314
0.030231
0.129381
0.0560901
0.0164386
0.369011
0.0176796
0.0160528
0.0657846
0.0787935
0.0375866
0.0798603
0.0347697
0.0915185
0.102652
0.129944
0.00315251
0.0104499
0.0415558
0.11333
0.0315835
0.245937
0.240869
0.0359035
0.109313
0.198336
0.0890463
0.0115802
0.353254
0.126873
0.0127356
0.0172732
0.114252
0.118705
0.0434465
0.120799
0.1354
0.217917
0.0237296
0.00547338
0.202637
0.0209006
0.0664582
0.0203954
0.305763
0.0199838
0.371805
0.0734477
0.00694964
0.0655503
0.0650867
0.0642366
0.0814498
0.00684561
0.0124074
0.0204119
0.132544
0.00678892
0.0719561
0.413981
0.106243
0.073327
0.0370663
0.00799394
0.0697843
0.0935529
0.0748882
0.280956
0.00556968
0.186802
0.0316061
0.286764
0.137128
0.139979
0.0324864
0.116453
0.179932
0.0666713
0.167491
0.082313
0.0154527
0.288206
0.051328
0.00115284
0.242482
0.181301
0.24383
0.00476899
0.0266638
0.0261673
0.0653394
0.0583984
0.0902801
0.00547313
0.147226
0.019056
0.459982
0.00829742
0.0103645
0.0845583
0.0167113
0.204644
0.20818
0.114227
0.0462362
0.0216098
0.243945
0.0449231
0.0478769
0.0528482
0.00655686
0.0883573
0.218598
0.0387029
0.123098
0.0629202
0.0161743
0.563461
0.087896
0.0694331
0.0186715
0.00653879
0.062223
0.0761371
0.402322
0.336259
0.0178269
0.278287
0.0740233
0.118524
0.0534423
0.0732269
0.0937966
0.0657276
0.00620241
0.099387
0.067974
0.351958
0.0119603
0.000793351
0.0759534
0.0425974
0.0147887
0.180937
0.0561151
0.287161
0.0681837
0.0725598
0.0885584
0.168126
0.248578
0.107831
0.0045535
0.147586
0.274598
0.165178
0.0709822
0.0511221
0.104108
0.0442807
0.397301
0.0759802
0.0386814
0.0238761
0.0663308
0.119742
0.0447852
0.105817
0.0462684
0.00385849
0.0106018
0.26047
0.131156
0.0211017
0.290137
0.00495309
0.0506807
0.10303
0.044427
0.0406252
0.00438967
0.00613726
0.0216624
0.0148391
0.198001
0.00642062
0.204082
0.0384334
0.0452308
0.00012236
0.212994
0.254935
0.135383
0.0194558
0.0182562
0.0854639
0.0427566
0.00406286
0.167595
0.0120957
0.140559
0.192128
0.0914549
0.248856
0.249404
0.0408936
0.226882
0.0616596
0.253825
0.139939
0.0508312
0.0909034
0.177509
0.000186436
0.0227061
0.00486281
0.0135701
0.0153402
0.134217
0.0956371
0.0277141
0.245419
0.00274299
0.095967
0.115635
0.123614
0.161087
0.0032887
0.0307687
0.074609
0.2991
0.208585
0.2307
0.0471441
0.177958
0.03308
0.0763799
0.113049
0.232657
0.166688
0.0990578
0.0109935
0.0237569
0.0656049
0.146162
0.0528936
0.0258814
0.000261737
0.184683
0.127143
0.0722413
0.138216
0.0404528
0.152814
0.13674
0.270415
0.0210431
0.124754
0.0838443
0.0716326
0.161875
0.112575
0.165097
0.0359392
0.082433
0.00610369
0.0732885
0.171861
0.0737466
0.0940849
0.046575
0.0414618
0.10483
0.00297913
0.226706
0.108424
0.0188352
0.0813362
0.00552433
0.0123297
0.0717167
0.907558
0.110821
0.0313576
0.0397583
0.139436
0.0216692
0.194957
0.0144037
0.031153
0.0382547
0.0575489
0.0025873
0.071109
0.255742
0.0295188
0.476311
0.198642
0.216559
0.180263
0.0388807
0.00273128
0.0243772
0.152431
0.0947889
0.0446641
0.00498463
0.0377976
0.194527
0.0233064
0.338101
0.000124063
0.0151425
0.117517
0.0196224
0.0258304
0.0542806
0.0629515
0.00371082
0.211004
0.227514
0.314898
0.050691
0.133327
0.0698274
0.0789292
0.0398699
0.0105693
0.289114
0.0279132
0.105899
0.0134183
0.208769
0.0392084
0.186884
0.0476984
0.103853
0.0560277
0.146072
0.0123045
0.0152726
0.100637
0.138627
0.147609
0.0263394
0.823439
0.0714573
0.0193189
0.0351635
0.00734599
0.0562406
0.422449
0.0444217
0.198815
0.106552
0.179336
0.0354622
0.163525
0.0823458
0.120019
0.112279
0.0171171
0.00450743
0.496922
0.0984385
0.0504956
0.0184925
0.202527
0.0477495
0.00696191
0.105164
0.0275552
0.184094
0.0931953
0.11697
0.00401269
0.155741
0.100232
0.102518
0.0177481
0.0166681
0.0234813
0.00358001
0.109505
0.227046
0.0837029
0.057689
0.106535
0.394682
0.164165
0.106369
0.053642
0.274068
0.00644516
0.152482
0.0272006
0.0718696
0.101428
0.0909008
0.0666635
0.284432
0.0934832
0.158485
0.0454785
0.0318194
0.0497744
0.0847061
0.251857
0.0380746
0.159969
0.0043297
0.135004
0.114063
0.00266704
0.00140932
0.238153
0.0495283
0.016362
0.0901201
0.0986088
0.0954704
0.0843283
0.0158359
0.0118881
0.394311
0.245616
0.00937042
0.0176648
0.378823
0.283857
0.00411304
0.361846
0.324362
0.21284
0.16039
0.109634
0.0289885
0.143757
0.114127
0.00241944
0.170573
0.022631
0.115866
0.32299
0.00712595
0.0181792
0.00251193
0.0221579
0.0246537
0.0220392
0.0635212
0.112392
0.146262
0.0951592
0.00715397
0.0165494
0.0832637
0.0188236
0.116577
0.083117
0.32601
0.121725
0.239525
0.0837252
0.0838265
0.0249525
0.142523
0.170251
0.00998866
0.425742
0.161494
0.062809
0.160577
0.00534695
0.00466702
0.046515
0.000955304
0.148842
0.0259037
0.0752699
0.0301254
0.155392
0.246139
0.0253853
0.07057
0.31822
0.319483
0.0512208
0.284793
0.156453
0.161882
0.137557
0.237915
0.170804
0.0119472
0.000563717
0.0493464
0.0613687
0.0321971
0.564421
0.0965388
0.178402
0.0247263
0.196971
0.0302124
0.00557593
0.00987679
0.00264939
0.118684
0.0681735
0.0334503
0.0487893
0.224115
0.0706704
0.0320902
0.0224686
0.050385
0.0132654
0.190655
0.0247693
0.20062
0.0259162
0.01655
0.0715447
0.140719
0.113945
0.00639365
0.0749669
0.0810358
0.261249
0.0583278
0.2103
0.0151238
0.0847407
0.127026
0.0384746
0.123479
0.0538915
0.0361172
0.0642104
0.169003
0.0637635
0.0437265
0.141796
0.731444
0.056611
0.0508596
0.00318194
0.0699586
0.0138956
0.033014
0.0637929
0.0889363
0.0583166
0.330292
0.016984
0.293782
0.0202299
0.109723
0.204736
0.118552
0.0608937
0.19643
0.101627
0.064535
0.359684
0.0885157
0.0609067
0.0158622
0.186653
0.103582
0.145359
0.0829586
0.0430274
0.0101518
0.0141622
0.309792
0.0161485
0.100437
0.102341
0.0501894
0.0680609
0.0333133
0.0736759
0.201635
0.219261
0.312112
0.0660481
0.0551556
0.128281
0.0410614
0.0320505
0.275308
0.0478215
0.097836
0.304385
0.282285
0.036425
0.0936853
0.04844
0.00815339
0.079512
0.0902514
0.0604842
0.0994157
0.0320425
0.111597
0.0689817
0.102008
0.133863
0.175592
0.0605827
0.0147513
0.0271436
0.0499777
0.0261988
0.306611
0.0743735
0.0436867
0.157831
0.0987438
0.0214833
0.407281
0.0644591
0.238992
0.0755043
0.0406731
0.588344
0.0433678
0.041395
0.0068664
0.126008
0.0708847
0.0264776
0.013013
0.0886307
0.0231071
0.219142
0.135448
0.0421835
0.0565232
0.152202
0.0397157
0.0509536
0.0350949
0.211215
0.104039
0.332099
0.0920797
0.165068
0.211865
0.219449
0.0691358
0.441951
0.00158184
0.124782
0.135137
0.0271149
0.00908858
0.0594395
0.00262033
0.0421642
0.137726
0.0836058
0.278868
0.0110802
0.120872
0.126609
0.411127
0.0412738
0.0625853
0.107302
0.0237084
0.0448529
0.403691
0.230642
0.280041
0.057756
0.0862457
0.0879296
0.00684286
0.11874
0.141024
0.00701204
0.0654634
0.000314566
0.0422064
0.129004
0.00640191
0.0409123
0.0653878
0.0654818
0.150918
0.0092581
0.27725
0.0794512
0.0469599
0.205089
0.036432
0.226681
0.0166779
0.0310934
0.0697853
0.263037
0.0440898
0.00627654
0.0149122
0.214603
0.0999743
0.0573599
0.0250908
0.0607917
0.0105916
0.103061
0.122141
0.0141721
0.0718033
0.100083
0.0477488
0.13881
9.93683e-05
0.0169677
0.0944853
0.147069
0.262971
0.185167
0.0545408
0.148658
0.0386208
0.134965
0.0520772
0.111637
0.0524382
0.171615
0.00130863
0.0154213
0.137391
0.323006
0.103388
0.148897
0.0581701
0.221212
0.0121877
0.0578095
0.318129
0.0940598
0.300664
0.0482723
0.00375699
0.147118
0.00321314
0.0747184
0.0207037
0.0755264
0.00817994
0.0680897
0.0340724
0.0473602
0.0657143
0.194614
0.151272
0.0541942
0.372628
0.0103035
0.27773
0.102575
0.107224
0.156273
0.142848
0.102788
0.187688
0.0690423
0.27021
0.038707
0.0343742
0.230578
0.0501077
0.00523709
0.0240081
0.0970396
0.514501
0.166835
0.12364
0.0345332
0.138044
0.156363
0.38459
0.039488
0.0195816
0.320698
0.237038
0.242242
0.029513
0.0119452
0.0670274
0.128475
0.057008
0.2089
0.0909374
0.19557
0.0323731
0.0209079
0.090322
0.0658647
0.0190946
0.137803
0.0336624
0.120826
0.108335
0.258764
0.126848
0.0158669
0.175826
0.105192
0.0392816
0.153877
0.0376913
0.146676
0.241136
0.0585862
0.0531958
0.0447431
0.392654
0.0797042
0.139757
0.0753795
0.2473
0.0916208
0.00932571
0.0184162
0.0675349
0.181205
0.112173
0.0201147
0.0267688
0.105559
0.131065
0.117157
0.0144494
0.0229797
0.0722189
0.116254
0.0206942
0.143097
0.0648889
0.114501
0.033872
0.0281126
0.00135122
0.159925
0.353617
0.0737455
0.0367181
0.189255
0.0669634
0.216652
0.149271
0.209509
0.131227
0.0325457
0.0901635
0.108554
0.0691681
0.124618
0.178512
0.122019
0.0954083
0.0567438
0.11032
0.0183545
0.0466043
0.0323981
0.0231937
0.0351504
0.183844
0.144495
0.0485091
0.160989
0.0705959
0.0525795
0.0643789
0.123682
0.141736
0.133213
0.114098
0.0217725
0.12544
0.076074
0.0394123
0.197875
0.235915
0.16482
0.0150228
0.000370933
0.0332067
0.363806
0.0138209
0.0412506
0.00863463
0.138709
0.080958
0.120327
0.0034867
0.0324345
0.0677722
0.0233636
0.0519407
0.317556
0.067647
0.0510354
0.0499761
0.0723923
0.175626
0.180364
0.0459527
0.143785
0.188058
0.110467
0.0589629
0.0924475
0.240862
0.117116
0.244696
0.134779
0.0541218
0.0409138
4.28851e-06
0.0940487
0.0587986
0.0179392
0.0665671
0.0030669
0.0609359
0.0366117
0.106638
0.00735789
0.0982239
0.0478198
0.0105894
0.103129
0.0273283
0.047031
0.194896
0.0360292
0.120302
0.000702298
0.0512473
0.150073
0.0980092
0.0038536
0.338068
0.124229
0.0756308
0.00727893
0.129759
0.0136211
0.0967079
0.0361379
0.0376556
0.0114296
0.0170624
0.144794
0.0188676
0.0220956
0.280279
0.0706703
0.0316725
0.00221697
0.0445532
0.0314625
0.104817
0.0967583
0.0840418
0.0129582
0.0371022
0.000883956
0.0250828
0.0815289
0.305048
0.0608674
0.0399794
0.0851941
0.00629651
0.350195
0.117662
0.0233226
0.170797
0.0730685
0.057497
0.00528654
0.0480367
0.0610718
0.015689
0.0252489
0.454326
0.114256
0.00718219
0.0385528
0.0539414
0.481309
0.297123
0.179126
0.0324107
0.0209396
0.254641
0.0759957
0.107705
0.0466358
0.00219202
0.0382747
0.0972153
0.363885
0.149787
0.00454536
0.00154802
0.491089
0.050685
0.166881
0.0175555
0.335858
0.00636277
0.0253865
0.200686
0.015684
0.155483
0.0127035
0.0334647
0.0516135
0.0533175
0.0308926
0.0135333
0.0423341
0.015939
0.0751523
0.121296
0.0164042
0.0274626
0.000303645
0.0381548
0.100112
0.0259007
0.0970965
0.0704214
0.000734288
0.0334237
0.127573
0.0955031
0.222332
0.0164569
0.00919075
0.0257089
0.0018716
0.0202966
0.338718
0.258207
0.0175384
0.337573
0.0770804
0.23656
0.156757
0.0038606
0.0453258
0.277112
0.289347
0.0233632
0.03734
0.0163566
0.164602
0.332534
0.055816
0.0214116
0.074657
0.0635446
0.0355279
0.0224749
0.13156
0.110007
0.0464176
0.0155849
0.0331023
0.317952
0.135864
0.446681
0.130283
0.544258
0.255427
0.0247691
0.491391
0.00570958
0.00595695
0.0224433
0.147413
0.0710893
0.0144601
0.213675
0.0166844
0.21747
0.102402
0.0422893
0.318533
0.00369838
0.0224967
0.119205
0.0345853
0.20995
0.115028
0.164694
0.173027
0.0278219
0.0309994
0.049331
0.0322887
0.038701
0.417672
0.2521
0.103736
0.0209305
0.0270049
0.241088
0.0987694
0.275758
0.144249
0.00173733
0.146135
0.223643
0.0907504
0.0688496
0.180593
0.0570855
0.0638568
0.0705268
0.236159
0.227778
0.0246201
0.13433
0.110543
0.00808909
0.0932167
0.253886
0.0611497
0.175548
0.0191555
0.100575
0.0668035
0.0279866
0.0732726
0.479302
0.172575
0.307956
0.0807876
0.10703
0.0809836
0.452441
0.0268992
0.121309
0.123205
0.141519
0.0312849
0.170675
0.0436235
0.0937071
0.0304152
0.0442879
0.0595204
0.0673488
0.205284
0.131102
0.224341
0.0224274
0.0509659
0.102337
0.0370729
0.13373
0.0455777
0.109369
0.00283875
0.0263104
0.0809296
0.113307
0.164825
0.404266
0.0018347
0.0967588
0.143838
0.00943845
0.081718
0.0110485
0.00175593
0.0183093
0.0189059
0.0478151
0.0846531
0.107808
0.34926
0.0129743
0.219943
0.029253
0.00598883
0.0866587
0.122601
0.207988
0.225527
0.0826486
0.0813276
0.155403
0.0943227
0.145256
0.0719778
0.0336775
0.159961
0.302647
0.105674
0.0629
0.0322055
0.0613622
0.134481
0.0966154
0.0372664
0.0846045
0.0970401
0.11708
0.174321
0.0244928
0.190559
0.0421749
0.00510906
0.0738144
0.00274467
0.0140004
0.018789
0.119839
0.0422502
0.0260851
0.0554421
0.153583
0.206668
0.0354559
0.0194808
0.128367
0.00559436
0.243843
0.0607174
0.0334193
0.240368
0.0102692
0.0631149
0.040723
0.0640095
0.0609775
0.0861868
0.298857
0.290019
0.0495916
0.0283856
0.200641
0.00596386
0.24578
0.0618516
0.151519
0.0179615
0.0827002
0.0111667
0.563665
0.0789316
0.224427
0.173071
0.235743
0.057288
0.00862098
0.180228
0.172101
0.0309775
0.0122718
0.0267421
0.104649
0.0986455
0.00686753
0.0277676
0.237328
0.0600963
0.386382
0.279513
0.0884151
0.246916
0.181562
0.318584
0.0445421
0.0806065
0.0133694
0.107823
0.096574
0.0106173
0.0675573
0.0295385
0.214437
0.0797433
0.534555
0.0542351
0.00228014
0.252779
0.0612894
0.192923
0.186545
0.0302779
0.0506886
0.0418958
0.0729696
0.0442619
0.00661233
0.135468
0.0408987
0.109299
0.00694474
0.0648868
0.0404621
0.316607
0.00996689
0.385398
0.0267187
0.0225159
0.026135
0.0924498
0.0303967
0.0148592
0.0441088
0.0725921
0.0313905
0.00974894
0.0179389
0.00467144
0.131929
0.0697178
0.0274846
0.00049345
0.00838137
0.105862
0.144162
0.0664665
0.19994
0.01638
0.0332924
0.0945041
0.0331502
0.0913796
0.0104775
0.14917
0.0759839
0.605566
0.131453
0.175296
0.0747748
0.0454839
0.40459
0.138037
0.0564073
0.00790938
0.0107279
0.0330301
0.0832384
0.053647
0.0752772
0.00357744
0.0144455
0.194214
0.137331
0.0811959
0.0373288
0.0809692
0.126331
0.204883
0.0176053
0.081809
0.0534845
0.560264
0.235292
0.0279495
0.307684
0.245122
0.00360344
0.0618038
0.166639
0.0739413
0.146863
0.238904
0.101407
0.00532921
0.0428822
0.0243579
0.0182548
0.0590234
0.11408
0.0293943
0.12671
0.0246996
0.174215
0.017537
0.157693
0.0323582
0.174458
0.0867946
0.0303112
0.023196
0.0479099
0.0996665
0.10454
0.0775926
0.200632
0.00913472
0.0010589
0.0646695
0.0208578
0.0320264
0.232763
0.0880857
0.694063
0.0215034
0.296284
0.354904
0.133891
0.0444054
0.0681339
0.0518649
0.00264596
0.188806
0.197621
0.266594
0.232292
0.00934706
0.119136
0.0573792
0.0519892
0.184354
0.232117
0.120034
0.550484
0.251795
0.113489
0.0489123
0.039026
0.0124334
0.0159712
0.0785767
0.182579
0.198044
0.00739299
0.00359344
0.139165
0.00887495
0.0184901
0.0621627
0.172297
0.1631
0.0743119
0.00528409
0.0715213
0.27533
0.088564
2.35431e-05
0.331789
0.170471
0.0316812
0.163954
0.0411974
0.306398
0.102367
0.00569223
0.383782
0.0641557
0.118684
0.0201422
0.278572
0.172413
0.136385
0.120004
0.0408533
0.0163728
0.215067
0.0496651
0.0061562
0.290042
0.00542355
0.42173
0.0388527
0.043823
0.0221664
0.152187
0.0791104
0.14081
0.00250731
0.143075
0.011257
0.00238919
0.181267
0.106076
0.0521332
0.00278787
0.407169
0.0658584
0.161893
0.186525
0.0491907
0.00729075
0.204966
0.0210199
0.113754
0.00242128
0.0744889
0.0836658
0.052023
0.111827
0.0616395
0.101494
0.192984
0.0680484
0.0619412
0.0370821
0.321599
0.0671216
0.00431581
0.00457375
0.162194
0.00456165
0.265706
0.212853
0.0233001
0.138102
0.227755
0.113608
0.270061
0.116081
0.0577856
0.00878008
0.303588
0.11915
0.152528
0.123656
0.0403485
0.0104871
0.140649
0.00357682
0.022873
0.0510211
0.446758
0.0744546
0.039754
0.0590335
0.33178
0.0636471
0.137881
0.0840799
0.052511
0.00434084
0.00509526
0.0202271
0.0754504
0.00685455
0.120609
0.0449281
0.0907523
0.00194523
0.492645
0.209116
0.0448911
0.135504
0.00783854
0.0227542
0.177849
0.0460957
0.086963
0.000921188
0.207337
0.396895
0.0424308
0.0895242
0.0197182
0.0638239
0.129634
0.160591
0.00517797
0.0148996
0.000505285
0.246398
0.0809339
0.0665511
0.0502201
0.000922542
0.0702154
0.140784
0.0141595
0.0304402
0.154914
0.108654
0.0183909
0.141517
0.0783913
0.203631
0.302727
0.0270393
0.113418
0.107055
0.163347
0.040609
0.0260096
0.040261
0.0505353
0.145851
0.00697601
0.183664
0.162829
0.00103483
0.0589199
0.0120638
0.111672
0.255438
0.223109
0.0954395
0.342065
0.192083
0.303286
0.0976018
0.170606
0.127001
0.029568
0.128408
0.328049
0.0770693
0.0608292
0.00173015
0.0315729
0.283436
0.0661047
0.0823722
0.214786
0.0169322
0.110373
0.0716013
0.0549752
0.294802
0.0208023
0.0683271
0.168943
0.00368773
0.0461279
0.119263
0.0212556
0.0663095
0.0402141
0.0182308
0.0503622
0.0796984
0.0634072
0.187568
0.0859668
0.069719
0.0339548
0.167064
0.0476119
0.257227
0.00750866
0.0268373
0.025454
0.325088
0.237887
0.0843733
0.0215898
0.00599201
0.0774034
0.0593128
0.476824
0.10515
0.0858531
0.159866
0.0719538
0.0407012
0.0791318
0.116567
0.0700284
0.615469
0.0328913
0.0477764
0.165709
0.0558309
0.0167892
0.0106973
0.128113
0.212353
0.11015
0.00450407
0.254556
0.0130924
0.200924
0.00789963
0.0703733
0.058207
0.0116403
0.111548
0.0960202
0.0130038
0.116483
0.0831135
0.0184705
0.227444
0.146134
0.0947816
0.0165136
0.197425
0.0221721
0.0494019
0.00516916
0.0439584
0.105262
0.486025
0.181223
0.0388963
0.0929006
0.0826123
0.00752913
0.0978679
0.11406
0.00327732
0.0905062
0.184287
0.165098
0.0889693
0.0361872
0.00253639
0.139396
0.0438936
0.0757119
0.264607
0.0624406
0.155406
0.0736022
0.0230559
0.160137
0.0360454
0.0665672
0.00767282
0.00510235
0.0920756
0.148057
0.304183
0.191752
0.0279231
0.0933508
0.0827426
0.251772
0.236535
0.2871
0.000332836
0.0118083
0.220816
0.233721
0.0339658
0.0466286
0.0393769
0.0371938
0.195801
0.483698
0.0936456
0.168622
0.0824467
0.125734
0.0788768
0.0121227
0.0907675
0.0225803
0.131273
0.146595
0.265746
0.0386922
0.0981362
0.0119222
0.115058
0.159604
0.203863
0.138077
0.409039
0.118509
0.0368718
0.0163313
0.154052
0.0282201
0.0261053
0.189481
0.0183781
0.0759691
0.0409585
0.126567
0.0879585
0.0676202
0.251166
0.187601
0.0921988
0.15517
0.143371
0.0723274
0.0888404
0.00139085
0.0302601
0.140459
0.217186
0.133215
0.030199
0.00111633
0.285003
0.222745
0.0118133
0.0495987
0.245706
0.00275153
0.0587177
0.0011426
0.0277458
0.203715
0.018132
0.27817
0.116924
0.14184
0.0188486
0.024517
0.0431288
0.0527943
0.0321522
0.0706693
0.0142461
0.0758197
0.198233
0.155892
0.0225667
0.146924
0.141098
0.119338
0.229452
0.0727548
0.165402
0.240411
0.0977101
0.00508098
0.122184
0.0177964
0.0209688
0.072612
0.0674648
0.0419006
0.0153643
0.0309675
0.0373155
0.0189321
0.0816815
0.00242316
0.214105
8.01604e-05
0.159721
0.0524864
0.0181778
0.0189694
0.132628
0.0344359
0.148203
0.0704597
0.312765
0.0701011
0.0866916
0.0430853
0.0556319
0.0488918
0.00730588
0.138261
0.0131685
0.113542
0.220918
0.0214523
0.0149724
0.0300174
0.0130154
0.0615069
0.140668
0.0250703
0.151066
0.00583944
0.40595
0.162451
0.00206099
0.14183
0.00746616
0.104017
0.0866731
0.128801
0.0674314
0.248454
0.251317
0.13008
0.203913
0.139758
0.0903787
0.340706
0.0553173
0.0838045
0.0426051
0.358827
0.0406602
0.117299
0.0518945
0.0117224
0.0905645
0.192229
0.0722904
0.0197289
0.190079
0.00223561
0.0201314
0.0905368
0.110788
0.00696035
0.100766
0.114532
0.170551
0.153266
0.000482998
0.0775702
0.399826
0.140441
0.0258644
0.00240121
0.0623037
0.0799804
0.0180456
0.0359979
0.0433248
0.152563
0.0576594
0.0732998
0.105475
0.0682137
0.0667496
0.00451187
0.222889
0.0506284
0.0423786
0.170181
0.119525
0.060086
0.100752
0.0345299
0.174456
0.0340891
0.0325519
0.0621041
0.0199027
0.400413
0.0559795
0.069073
0.0344532
0.105821
0.0132712
0.0615209
0.141401
0.0566059
0.016672
0.0941553
0.0178188
0.0293508
0.103659
0.17846
0.350107
2.97507e-05
0.20789
0.0976868
0.19675
0.0668902
0.155515
0.0212684
0.00686984
0.158309
0.138618
0.0162176
0.0171295
0.0581672
1.05648
0.0346479
0.162795
0.229653
0.0415863
0.390788
8.80026e-05
0.319427
0.0762143
0.0918983
0.0312616
0.0568719
0.25667
0.103405
0.0382068
0.122213
0.146714
0.191495
0.115183
0.0965987
0.164444
0.372154
0.17835
0.0250939
0.0736694
0.09617
0.0255609
0.182202
0.102238
0.111804
0.206197
0.563546
0.0432548
0.198992
0.178207
0.119419
0.13001
0.198195
0.021249
0.0737621
0.214306
0.0723968
0.00184169
0.00944201
0.0411634
0.107379
0.147391
0.0443276
0.0117107
0.00213602
0.116348
0.0302637
0.00213276
0.13164
0.101716
0.0221451
0.126336
0.243108
0.291401
0.200891
0.252407
0.200947
0.11347
0.262723
0.0483141
0.045459
0.240645
0.00354726
0.00817351
0.0742048
0.0592455
0.116079
0.0101074
0.14649
0.0746188
0.0572339
0.142954
0.052189
0.395379
0.274547
0.0636112
0.0327931
0.0472125
0.0409285
0.141401
0.00194829
0.0947219
0.072298
0.00562625
0.0495752
0.0684932
0.10908
0.120874
0.0264763
0.152133
0.122791
0.103802
0.0675444
0.0201412
0.00762264
0.0481558
0.186171
0.188192
0.0361752
0.091702
0.0557603
0.166531
0.000682951
0.00555953
0.0153699
0.233772
0.108165
0.016129
0.00720663
0.10319
0.140036
0.138975
0.0630039
0.0880871
0.146261
0.123105
0.204514
0.103668
0.0725972
0.0912701
0.149807
0.21955
0.0368467
0.0211354
0.0562882
0.0347685
0.0640163
0.0135355
0.0226416
0.376707
0.126825
0.0387665
0.00596088
0.0499266
0.181791
0.087411
0.0967508
0.587557
0.0295123
0.295531
0.0404184
0.216413
0.258147
0.0277626
0.0230355
0.221445
0.00586572
0.0435638
0.110321
0.109101
0.0234882
0.128705
0.000174655
0.0233076
0.0226587
0.0839277
0.208848
0.0491689
0.04995
0.0356997
0.0648417
0.247756
0.151503
0.115529
0.129605
0.0343866
0.062409
0.02339
0.0098355
0.024579
0.287289
0.018296
0.0711256
0.508878
0.142405
0.34826
0.198218
0.0445565
0.383044
0.0180997
0.0914954
0.038795
0.00277756
0.117636
0.2429
0.058762
0.0452385
0.176927
0.00196039
0.0116998
0.0682452
0.0495274
0.00495137
0.0283945
0.180584
0.0957184
0.705531
0.00251839
0.253414
0.0351396
0.0380787
0.00232233
0.0590832
0.0935971
0.0778745
0.0456039
0.109863
0.0186527
0.0835455
0.0391633
0.099467
0.172968
0.398073
0.218532
0.141277
0.0955116
0.00112123
0.164802
0.030694
0.0743512
0.0802005
0.0931252
0.276136
0.048889
0.157463
0.0053689
0.13191
0.0779797
0.287755
0.0952858
0.135814
0.123229
0.0783202
0.0461494
0.434081
0.0845806
0.204123
0.225713
0.0818429
0.0875503
0.292788
0.0955968
0.0941206
0.0689021
0.0992109
0.0139924
0.11426
0.0112043
0.036155
0.000270755
0.208893
0.122182
0.108881
0.0729424
0.0479274
0.149628
0.00955477
0.245061
0.170994
0.0488039
0.0133912
0.0864228
0.337601
0.164864
0.0748449
0.125483
0.0340264
0.194317
0.0576818
0.372088
0.18597
0.0592539
0.0141767
0.0837639
0.00147834
0.202723
0.196946
0.0387125
0.0882055
0.0328432
0.0345978
0.02703
0.111681
0.254624
0.00482471
0.469008
0.424616
0.0793231
0.172127
0.244339
0.285971
0.0858539
0.094188
0.277735
0.0132434
0.0612674
0.0738723
0.00160743
0.0850726
0.145142
0.115718
0.0699232
0.0568687
0.0690419
0.139569
0.000997646
0.0585075
0.0116193
0.0676309
0.0259065
0.141444
0.13794
0.402783
0.0246629
0.0983466
0.0254026
0.224428
0.111077
0.0531262
0.021064
0.0450533
0.100202
0.0598676
0.00385618
0.33858
0.0236438
0.0293012
0.00232534
0.0332368
0.13065
0.0829688
0.0105749
0.0808687
0.204521
0.13397
0.382687
0.273269
0.0324648
0.494932
0.227861
0.182464
0.0130309
0.390376
0.0981027
0.209452
0.0166059
0.0235417
0.0179991
0.225238
0.120493
0.172164
0.117282
0.0901403
0.016832
0.0212429
0.0218406
0.0298605
0.0540529
0.220876
0.0455268
0.0064518
0.167173
0.0658998
0.0173901
0.0664844
0.363643
0.109724
0.0973245
0.0371006
0.0222402
0.0301708
0.052485
0.12642
0.147738
0.0773334
0.074229
0.39301
0.138117
0.0502863
0.157805
0.0276319
0.129222
0.204883
0.0772883
0.225109
0.00632289
0.0715551
0.379523
0.00547003
0.00806283
0.00699514
0.188855
0.0954452
0.127949
0.0054193
0.136505
0.0546277
0.0232025
0.0990174
0.110903
0.000583683
0.0116733
0.0422816
0.0380552
0.059022
0.0591329
0.0246227
0.0815599
0.158722
0.0238034
0.106562
0.10828
0.0980836
0.22042
0.128686
0.127618
0.0153842
0.0568984
0.0299828
0.164757
0.0540508
0.0235637
0.0388107
0.0409926
0.0216098
0.0536678
0.0686383
0.017129
0.161618
0.0624492
0.0768404
0.196552
0.105269
0.183434
0.185022
0.16043
0.181985
0.248285
0.0363472
0.0414969
0.0397646
0.0286916
0.333135
0.170779
0.0271573
0.182638
0.00393768
0.129913
0.126516
0.192949
0.152275
0.0946179
0.25038
0.0406668
0.1163
0.0212433
0.0810012
0.0429871
0.0771336
0.022013
0.0840482
0.0151819
0.160137
0.0561746
0.0470705
0.127991
0.191544
0.0758544
0.0239316
0.0597788
0.0875206
0.40834
0.00839362
0.00710821
0.15737
0.169331
0.147258
0.12612
0.37282
0.0788175
0.0690316
0.0519847
0.26326
0.169072
0.0970027
0.0634367
0.120212
0.0324139
0.300556
0.0655763
0.0506983
0.0181155
0.0179565
0.0140156
0.0394132
0.0125548
0.164817
0.088637
0.357143
0.116808
0.048675
0.17049
0.041243
0.0106796
0.00587505
0.0472388
0.0121653
0.122317
0.0535827
0.0182713
0.0218197
0.10868
0.199598
0.110616
0.00453051
0.042487
0.0096295
0.0147744
0.0500219
0.312522
0.0143822
0.0311013
0.16059
0.198992
0.0753938
0.176187
0.0751159
0.0177655
0.00784571
0.146649
0.0353241
0.295731
0.111468
0.0341979
0.0439517
0.164861
0.143371
0.0479845
0.0513184
0.00376214
0.197716
0.0408996
0.195162
0.00723784
0.117974
0.129697
0.388542
0.0987798
0.0508279
0.0439549
0.0364429
0.00969836
0.044724
0.109447
0.337608
0.0895133
0.0111908
0.0137959
0.0379196
0.0360095
0.16578
0.0104126
0.0559699
0.0661864
0.220732
0.10069
0.252664
0.125688
0.0220526
0.154953
0.0987448
0.197366
0.036039
0.201411
0.0977643
0.0290676
0.04523
0.0175816
0.00825241
0.0884665
0.0112708
0.103384
0.0633675
0.00515807
0.0483769
0.0142421
0.0964235
0.0162221
0.179906
0.0555306
0.0104032
0.149429
0.0147951
0.239084
0.0617687
0.36188
0.0437555
0.0129191
0.169797
0.278448
0.204674
0.163045
0.0307098
0.13071
0.0560825
0.234252
0.105619
0.0223059
0.141029
0.0055443
0.0215097
0.104837
0.0331037
0.00223376
0.0545522
0.11745
0.0610352
0.0981009
0.403962
0.183096
0.0171396
0.0954545
0.154974
0.0385869
0.11669
0.00306249
0.502479
0.0893338
0.214129
0.0735293
0.040273
0.00928466
0.152905
0.0147624
0.0334698
0.117699
0.0567059
0.00970895
0.092587
0.0511517
0.0285823
0.439885
0.110421
0.135024
0.067685
0.00100366
0.0216505
0.0476498
0.040733
0.0920161
0.150416
0.06199
0.00149353
0.00939162
0.157089
0.0192103
0.0897253
0.158845
0.0131581
0.00132066
0.156413
0.0106929
0.028569
0.0328331
0.0578871
0.529501
0.017578
0.0355336
0.000500995
0.0860787
0.101803
0.185255
0.127503
0.00440173
0.0434968
0.0338715
0.162514
0.0984139
0.0394539
0.380341
0.0315176
0.00172238
0.0259205
0.0382125
0.189355
0.136845
0.00227444
0.00798928
0.064803
0.00381792
0.0595456
0.0535938
0.226304
0.100354
0.191852
0.0135205
0.185347
0.00871888
0.201638
0.0923798
0.0411132
0.000263457
0.0540369
0.00148332
0.0798661
0.162676
0.0900541
0.0241026
0.151642
0.0496732
0.190009
0.189641
0.00183785
0.0399716
0.00586159
0.0232027
0.0922459
0.373579
0.219915
0.0308416
0.0637643
0.00904779
0.00682264
0.0640377
0.0719779
0.0487893
0.26772
0.134744
0.0690368
0.0940045
0.206855
0.0165974
0.0128834
0.0717891
0.0104548
0.235451
0.095912
0.0431255
0.027169
0.294876
0.0677373
0.0391431
0.0360923
0.195545
0.178538
0.068446
0.0665563
0.0563927
0.1253
0.112888
0.0359324
0.0651716
0.0229265
0.14987
0.0854118
0.0451199
0.0615482
0.0138446
0.145869
0.132759
0.0527115
0.0329528
0.0169177
6.7721e-05
0.0791048
0.139506
0.0423409
0.000120595
0.0355107
0.030878
0.100653
0.0533169
0.0699023
0.28852
0.126961
0.0458667
0.0627541
0.362487
0.0271836
0.156543
0.0135987
0.0276294
0.111199
0.311038
0.164061
0.0577894
0.00738278
0.142933
0.00531914
0.0140971
0.0158488
0.025418
0.00832838
0.0362613
0.0202868
0.119577
0.0366857
0.200503
0.0378839
0.0345519
0.0646557
0.099953
0.099567
0.00370486
0.21225
0.0316613
0.100301
0.0275633
0.0190894
0.126934
0.0767579
0.0883304
0.0331104
0.0831512
0.237196
0.0566284
0.234535
0.23515
0.016693
0.183904
0.0112138
0.0178582
0.0437411
0.172278
0.072068
0.0488123
0.26766
0.0346501
0.0897853
0.068905
0.110672
0.0309104
0.074916
0.00316467
0.0852136
0.136104
0.0211593
0.174447
0.00844097
0.18326
0.123578
0.0210582
0.0107562
0.096582
0.012899
0.00426098
0.0543058
0.0161846
0.0986193
0.070693
0.251786
0.0329974
0.279441
0.0681029
0.0193434
0.102014
0.0240855
0.132634
0.20562
0.0412363
0.00995869
0.157417
0.0837824
0.241309
0.0401037
0.0786916
0.037391
0.322303
0.0692958
0.0981993
0.0908129
0.00304546
0.0395303
0.0419189
0.0173501
0.021048
0.00884388
0.0835365
0.0126065
0.185707
0.0928915
0.00805056
0.337692
0.0295143
0.0455731
0.223449
0.225926
0.0344819
0.0205941
0.005736
0.376829
0.215466
0.000556417
0.0503717
0.110989
0.125468
0.030757
0.140738
0.0212595
0.0947354
0.0469211
0.0211452
0.0245263
0.0190301
0.150853
0.100625
0.0562485
0.0104871
0.0122983
0.076111
0.0534974
0.140421
0.340191
0.295692
0.0497504
0.0581619
0.122062
0.099322
0.0356795
0.221782
0.269797
0.0815053
0.127081
0.0656994
0.00162406
0.0598648
0.0148107
0.109673
0.0235854
0.13646
0.00641731
0.0132992
0.212984
0.0779493
0.0647813
0.0142454
0.0386668
0.0022977
0.0148123
0.104327
0.10594
0.181358
0.0245882
0.0967257
0.0415519
0.302751
0.15776
0.00128884
0.147436
0.0642069
0.111836
0.00529609
0.0614265
0.292928
0.00749435
0.0200082
0.0382348
0.0920747
0.0993508
0.0293096
0.0786595
0.00994053
0.0315343
0.0552852
0.0881823
0.0218688
0.0527856
0.0317207
0.122538
0.332924
0.000412099
0.101132
0.102566
0.205634
0.27942
0.113153
0.193023
0.0542543
0.0314491
0.104241
0.213502
0.118714
0.161242
0.217218
0.0310486
0.0561077
0.0708289
0.0764845
0.0920604
0.520253
0.03656
0.0627162
0.0158409
0.218061
0.109059
0.276397
0.0812197
0.0192911
0.0805069
0.0605682
0.0209339
0.0536437
0.0290942
0.0456193
0.0733136
0.0762111
0.0667917
0.109642
0.01506
0.0201175
0.0540773
0.0732406
0.191336
0.00649069
0.342821
0.000777946
0.0450636
0.124999
0.688935
0.0894539
0.00616704
0.0318683
0.176164
0.156333
0.0504922
0.121969
0.0892256
0.0885536
0.044123
0.654278
0.281739
0.00445611
0.0739877
0.179581
0.0926635
0.101454
0.0261765
0.0242311
0.0318187
0.173474
0.0391157
0.0853973
0.0407842
0.0363545
0.965475
0.187431
0.320152
0.0755534
0.028561
0.000593975
0.00184723
0.232759
0.0483329
0.08705
0.0439887
0.0243425
0.0188966
0.0993027
0.228139
0.162211
0.00570993
0.115655
0.0113179
0.232855
0.326453
0.0194857
0.0334088
0.139298
0.0240931
0.166988
0.0230793
0.219437
0.00362441
0.0557038
0.0964405
0.0199002
0.0151648
0.168957
0.00619701
0.00684792
0.263436
0.00138851
0.0772526
0.073232
0.143928
0.0832079
0.0794779
0.0262527
0.191341
0.0278553
0.270058
0.0708643
0.0245917
0.140542
0.00929229
0.0501083
0.0300218
0.231909
0.00131737
0.0710518
0.0533554
0.126574
0.119661
0.010452
0.0517318
0.007464
0.045902
0.172416
0.0895562
0.0273558
0.00577724
0.130642
0.237997
0.288581
0.00327182
0.479688
0.222039
0.0458065
0.0836122
0.172649
0.0381046
0.0988494
0.0786804
0.0137219
0.241291
0.0255724
0.0544594
0.0482281
0.110887
0.332803
0.00138773
0.02361
0.0312653
0.176284
0.107282
0.0216058
0.00608222
0.0417737
0.0197442
0.0515737
0.0184031
0.219134
0.0264209
0.0142639
0.0208807
0.0700643
0.0638855
0.0465013
0.319813
0.100498
0.00729972
0.0653191
0.287699
0.0453771
0.00834272
0.0893515
0.120373
0.0965693
0.0147372
0.0261966
0.294787
0.172808
0.00105307
0.106664
0.127883
0.0769398
0.0685164
0.053025
0.013638
0.0838064
0.016287
0.0921632
0.0207622
0.00315214
0.0467577
0.0495892
0.0322358
0.229775
0.0400606
0.023562
0.10725
0.0710314
0.0248188
0.021195
0.094714
0.0770641
0.0488421
0.0385809
0.10587
0.307553
0.148535
0.161452
0.0424439
0.0566896
0.0253778
0.0159878
0.0240093
0.13442
0.0130397
0.0671757
0.0275385
0.0871356
0.211424
0.0900724
0.0625915
0.0574715
0.144717
0.0122718
0.0190673
0.182405
0.0868159
0.0810208
0.019695
0.101183
0.112512
0.0588284
0.120709
0.129786
0.167303
0.0277528
0.0408147
0.138606
0.0456518
0.061185
0.0963912
0.0291024
0.0475876
0.0665777
0.115969
0.176409
0.294854
0.109515
0.0744897
0.126284
0.0622522
0.00551498
0.0383732
0.0473891
0.0212902
0.0544895
0.048601
0.0752184
0.11838
0.32337
0.0240391
0.0176801
0.0909578
0.0259817
0.00934734
0.00161701
0.022862
0.153111
0.167997
0.00261314
0.0595807
0.00658828
0.00200418
0.0273214
0.118909
0.355891
0.087009
0.120543
0.212761
0.113555
0.0945204
0.163377
0.0694152
0.0171816
0.0828464
0.0965905
0.280865
0.25122
0.245752
0.11277
0.103579
0.0646851
0.306547
0.13043
0.103751
0.00317635
0.0169342
0.425055
0.241997
0.203923
0.106207
0.0358868
0.0059351
0.405762
0.036192
0.188905
0.228823
0.0518414
0.18262
0.138279
0.0406407
0.14617
0.0989464
0.0194565
0.00930314
0.0872969
0.072646
0.0568847
0.157679
0.128766
0.0308861
0.0668317
0.235894
0.105762
0.00944018
0.0658648
0.391621
0.183935
0.151303
0.126748
0.151189
0.261098
0.257278
0.0909589
0.129918
0.0081079
0.128609
0.00402766
0.0235424
0.00906807
0.232371
0.203075
0.0242372
0.111169
0.0228354
0.109764
0.173872
0.0697915
0.509889
0.0893322
0.00381775
0.0596456
0.0585798
0.11127
0.0593914
0.0777918
0.168529
0.00696585
0.0303347
0.0158131
0.0414604
0.159283
0.0171627
0.211121
0.0208883
0.0565287
0.0678721
0.124534
0.00344748
0.0311301
0.0433189
0.170418
0.124122
0.0606732
0.274947
0.0982233
0.0631406
0.0925537
0.164506
0.0901571
0.0374284
0.0443112
0.0611982
0.0233806
0.299723
0.0567518
0.136573
0.117561
0.170763
0.0987368
0.104846
0.273816
0.125482
0.035925
0.223704
0.0166831
0.0723419
0.174386
0.220786
0.138198
0.0670306
0.0673769
0.0791566
0.230506
0.122968
0.0511684
0.05221
0.046281
0.0050427
0.172881
0.100082
0.00333588
0.0340003
0.0706181
0.0414607
0.0950588
0.156183
0.065531
0.146557
0.0168126
0.034695
0.164869
0.163107
0.119151
0.0333966
0.169485
0.0405158
0.112697
0.0633041
0.0351051
0.305254
0.0801943
0.183837
0.0179674
0.0730035
0.014304
0.179012
0.0106703
0.00368657
0.0155074
0.0078703
0.106006
0.0509666
0.0684216
0.0270964
0.0364775
0.0631504
0.150889
0.0632367
0.00211086
0.507539
0.0657954
0.266238
0.139768
0.217627
0.0538817
0.26002
0.0548773
0.0395171
0.205632
0.0125548
0.200339
0.0245605
0.406962
0.0423718
0.0283799
0.0671747
0.170237
0.0753548
0.0600538
0.133096
0.115277
0.0195547
0.265313
0.12206
0.0170383
0.379193
0.0743197
0.0136875
0.0382984
0.439843
0.142991
0.0496072
0.128807
0.25341
0.0112766
0.0811735
0.0882493
0.00192277
0.120796
0.0248103
0.110149
0.00278382
0.00524005
0.126978
0.0523223
0.14083
0.0218056
0.0199746
0.140731
0.133707
0.187002
0.246341
0.0260765
0.0658663
0.403128
0.104172
0.117982
0.173409
0.0565937
0.0110108
0.0421046
0.191166
0.237692
0.0568672
0.0566304
0.312965
0.00145034
0.361252
0.0213606
0.0586121
0.133134
0.196997
0.0669103
0.030728
0.207132
0.479895
0.116274
0.0393992
0.340651
0.169907
0.0282637
0.229078
0.0196549
0.0662188
0.0730409
0.096925
0.103369
0.173844
0.0327099
0.0898207
0.160365
0.114872
0.0631805
0.00686814
0.0183278
0.00985613
0.10685
0.0259147
0.0128281
0.159446
0.128487
0.08613
0.0114155
0.0908649
0.0300258
0.050245
0.191124
0.00749331
0.0205479
0.165595
0.00183388
0.0128241
0.00957837
0.308191
0.18591
0.192022
0.155468
0.127339
0.0283678
0.0404854
0.0895409
0.0919143
0.225187
0.104488
0.164485
0.0143501
0.137903
0.186842
0.295245
0.0558634
0.084146
0.0209966
0.0183545
0.0355768
0.229437
0.0324264
0.0523319
0.0665096
0.000705506
0.0682048
0.145611
0.0617746
0.0364966
0.0374899
0.089565
0.0424383
0.133625
0.270522
0.151252
0.0527419
0.0974225
0.147239
0.164155
0.109407
0.0670378
0.0337433
0.356013
0.00591385
0.0442202
0.107812
0.0441819
0.137511
0.000525438
0.165489
0.00135549
0.456835
0.11768
0.0283879
0.195021
0.0108348
0.194459
0.0348024
0.15756
0.00340853
0.0339655
0.0124886
0.0793485
0.00150481
0.0290907
0.0142505
0.130118
0.170844
0.0108263
0.0268642
0.091431
0.0107157
0.189581
0.0479865
0.00783091
0.0419185
0.0224021
0.00104514
0.0570646
0.209238
0.0851348
0.16959
0.0286541
0.0744286
0.0839394
0.0440917
0.00376641
0.0374427
0.0547371
0.000569784
0.0137969
0.152172
0.252787
0.141499
0.0301293
0.051579
0.0333342
0.0452207
0.046663
0.0860351
0.0734944
0.039466
0.0156867
0.129803
0.137704
0.024739
0.131985
0.482901
0.432014
0.203803
0.0264238
0.000855405
0.249446
0.206382
0.0451339
0.0337466
0.0116009
0.303142
0.203485
0.114355
0.0249625
0.10942
0.014623
0.0614134
0.108075
0.309163
0.0753842
0.0600482
0.0256639
0.00360517
0.305147
0.166749
0.0231121
0.0149057
0.012915
0.194151
0.0603272
0.087771
0.0057874
0.0714393
0.253847
0.123923
0.0356061
0.179398
0.0201415
0.0147827
0.0421166
0.0164698
0.0508686
0.21309
0.152291
0.0324073
0.0319879
0.164988
0.113622
0.0385304
0.0627922
0.26788
0.107203
0.0919813
0.369261
0.00598244
0.0230672
0.0165054
0.51092
0.0316131
0.121098
0.0368492
0.132301
0.143822
0.107778
0.232042
0.124378
0.0702432
0.116548
0.0785101
0.00124313
0.0315166
0.113518
0.0692987
0.00182011
0.0677605
0.12041
0.108906
0.0105631
0.0630932
0.0128459
0.0124841
0.157724
0.0529869
0.0587816
0.158158
0.257367
0.184282
0.0462864
0.129863
0.0241456
0.172348
0.0829965
0.0505824
0.1967
0.0772388
0.106489
0.110748
0.0833312
0.12948
0.296626
0.177178
0.0805193
0.0565429
0.044079
0.0236126
0.00491966
0.0998352
0.00506009
0.239608
0.127125
0.020038
0.0391797
0.0112358
0.0914964
0.0958162
0.0212345
0.0637357
0.339187
0.0350918
0.0203394
0.0182158
0.120317
0.0489958
0.214228
0.282475
0.092194
0.0220368
0.107031
0.170303
0.0208487
0.0424474
0.0141229
0.21549
0.0594497
0.033223
0.20079
0.108112
0.00747922
0.104505
0.141063
0.0864737
0.105338
0.404464
0.105751
0.00404017
0.0418061
0.0314734
0.11968
0.0855165
0.0691967
0.178612
0.216976
0.091482
0.15273
0.00690281
0.0405831
0.0293965
0.0260039
0.0744415
0.150456
0.189966
0.155427
0.182186
0.154966
0.0505118
0.184291
0.400917
0.0216795
0.131486
0.0188372
0.0492949
0.0282023
0.134835
0.246601
0.0524328
0.348998
0.0188611
0.376945
0.0901661
0.031002
0.0789221
0.0536985
0.0446771
0.0240839
0.10591
0.0349732
0.0610497
0.00978932
0.0168949
0.0712764
0.164211
0.100018
0.147608
0.00757115
0.0192268
0.34485
0.0821323
0.0476753
0.0210729
0.178385
0.16152
0.264326
0.0226402
0.0587399
0.320794
0.0031157
0.0675914
0.101742
0.0297381
0.327261
0.0373364
0.11927
0.0392891
0.0116114
0.0341219
0.052175
0.0611443
0.0839831
0.106371
0.181159
0.321418
0.125131
0.174796
0.0402981
0.00877231
0.0285753
0.176589
0.0253112
0.00678772
0.0228352
0.00706747
0.144632
0.137827
0.0555226
0.274363
0.150132
0.03619
0.00168628
0.146205
0.0738152
0.0796796
0.0293687
0.10367
0.0342454
0.0437078
0.064879
0.0756246
0.0225034
0.102572
0.0569831
0.0300681
0.13473
0.0661059
0.0946334
0.203657
0.0674245
0.157617
0.00224192
0.148113
0.0928189
0.0110105
0.327687
0.032184
0.0656929
0.301007
0.0280693
0.274755
0.018662
0.0411404
0.050062
0.0320642
0.41634
0.161671
0.0373196
0.0381884
0.187265
0.0855346
0.242647
0.0681467
0.182164
0.0406139
0.0256594
0.0458594
0.0652122
0.0044979
0.0640617
0.128064
0.0251233
0.0515098
0.0918463
0.0652073
0.108577
0.0458578
0.159604
0.357377
0.355746
0.0342478
0.0629945
0.00527661
0.00504015
0.0137053
0.0199341
0.0785366
0.219103
0.0312615
0.00931075
0.0802123
0.109985
0.0559961
0.0368351
0.00933568
0.00549802
0.0178354
0.149287
0.0861659
0.0260781
0.0610769
0.00686813
0.110256
0.0150148
0.246867
0.11784
0.254312
0.0592092
0.00482268
0.0437079
0.170728
0.128145
0.015383
0.112535
0.0993349
0.0415639
0.0277957
0.227809
0.0950363
0.0910344
0.121533
0.00461622
0.00714315
0.0806138
0.194366
0.00632364
0.129802
0.00904823
0.0299931
0.0533523
0.427795
0.110248
0.0040139
0.108259
0.0680702
0.0439081
0.180959
0.0697909
0.0844838
0.0712228
0.179759
0.150003
0.36844
0.128086
0.0492904
0.303526
0.0730373
0.0632469
0.137137
0.082982
0.00175167
0.367329
0.0448255
0.0146148
0.0097909
0.163926
0.0357446
0.00679002
0.0381107
0.112558
0.0287774
0.361598
0.0213048
0.346546
0.0933234
0.00285442
0.0661975
0.0661892
0.0184924
0.134094
0.0511901
0.23179
0.252903
0.12395
0.0106794
0.061615
0.0522462
0.210615
0.00669604
0.0447483
0.0231175
0.119726
0.156278
0.0482159
0.515123
0.171364
0.0426991
0.0254917
0.120878
0.125623
0.0314549
0.00606276
0.0308719
0.154149
0.0344087
0.16495
0.0645482
0.0572482
0.0550829
0.101566
0.0539219
0.0937457
0.214905
0.0189214
0.558295
0.035617
0.0443106
0.257327
0.0079188
0.0767902
0.0124654
0.0582356
0.116893
0.0387081
0.0630431
0.115773
0.195381
0.00533644
0.00546456
0.0117582
0.0695228
0.235073
0.0684696
0.367455
0.269956
0.115254
0.214679
0.0449736
0.0623273
0.106103
0.0911382
0.0564058
0.0878256
0.170341
0.486745
0.0468955
0.0293667
0.0208503
0.0520045
0.0919831
0.148927
0.0709382
0.00228843
0.101567
0.142963
0.303642
0.00892639
0.0284016
0.122434
0.0344319
0.270508
0.0308774
0.102267
0.00283685
0.0518168
0.108099
0.0481969
1.62997e-06
0.00669205
0.0365666
0.217008
0.303902
0.157227
0.373308
0.0193289
0.0857181
0.0223174
0.00589207
0.0486575
0.07369
0.0515941
0.0656023
0.048222
0.208659
0.0993116
0.0469597
0.0668328
0.0940969
0.0195101
0.264907
0.15661
0.0679586
0.0237362
0.453408
0.0824227
0.396763
0.236596
0.194043
0.0279153
0.0834029
0.0567762
0.1698
0.0819856
0.0105293
0.0345239
0.217929
0.0215588
0.0884609
0.0651514
0.0317892
0.0870754
0.285721
0.00112943
0.00531117
0.032608
0.0250393
0.033565
0.0862348
0.0573477
0.168668
0.151476
0.0101764
0.203324
0.012375
0.0938082
0.00869877
0.0228496
0.0172075
0.0529123
0.160575
0.103056
0.124643
0.00913997
0.08433
0.16107
0.0456162
0.213155
0.0323831
0.0155287
0.00623575
0.0358308
0.0842764
0.0761531
0.0911162
0.0495306
0.0357888
0.0415761
0.0988445
0.18129
0.112013
0.112012
0.0880767
0.0557913
0.094566
0.0212611
0.0123707
0.043002
0.187989
0.00119528
0.0603347
0.176873
0.0257755
0.0238507
0.0318862
0.0978087
0.134706
0.0552458
0.0738239
0.186987
0.141669
0.00292183
0.120819
0.102136
5.01115e-05
0.0565787
0.0140787
0.0224198
0.126387
0.294732
0.112523
0.100158
0.0886123
0.144844
0.0584972
0.0169117
0.182076
0.0722558
0.301368
0.0167729
0.0086175
0.260066
0.030103
0.0847995
0.0477153
0.00812914
0.0866505
0.015184
0.000374827
0.138243
0.180573
0.353067
0.0587951
0.0434888
0.126798
0.344713
0.0123516
0.348232
0.116002
0.0922595
0.0342501
0.386496
0.0593613
0.0733621
0.136839
0.150272
0.0520163
0.069137
0.101674
0.00949581
0.085999
0.028533
0.00947296
0.0486975
0.0644071
0.0792061
0.499805
0.204233
0.0620656
0.0268361
0.0769782
0.0893627
0.00801146
0.0780114
0.299447
0.0126999
0.170428
0.0297932
0.337863
0.0412194
0.239464
0.0294059
0.0704362
0.168679
0.074569
0.187249
0.00754314
0.0324554
0.493339
0.0681472
0.0472914
0.112055
0.0600634
0.0434498
0.111145
0.0406597
0.0674933
0.0182569
0.0368639
0.126842
0.0295934
0.000624573
0.00149904
0.0308935
0.0725628
0.0420679
0.0489097
0.179225
0.0231744
0.399068
0.0108587
0.0258144
0.28549
0.0384461
0.043562
0.0403948
0.48457
0.0616227
0.529135
0.0401558
0.0255121
0.112138
0.247418
0.0731866
0.075792
0.117075
0.0134364
0.0238292
0.0227932
0.0416212
0.0063961
0.0288254
0.156363
0.00510626
0.0951031
0.0892199
0.253896
0.108237
0.0460142
0.0689087
0.089758
0.011982
0.0856951
0.176717
0.0566903
0.0606779
0.0388128
0.241941
0.0559146
0.123331
0.0578171
0.0702862
0.097126
0.00781809
0.0966103
0.0476361
0.0320388
0.40762
0.0293573
0.326569
0.000698276
0.0650485
0.0677109
0.0903456
0.050995
0.0625124
0.000920244
0.212163
0.0826897
0.032826
0.000956122
0.0959078
0.0200268
0.0132455
0.274324
0.18081
0.0740145
0.172611
0.0508683
0.0560757
0.248936
0.0578527
0.177025
0.200718
0.0224528
0.0265526
0.0431882
0.0709054
0.101255
0.060664
0.04447
0.00238282
0.159071
0.0674276
0.0410889
0.0481054
0.245287
0.188467
0.0472945
0.305536
0.0235753
0.066353
0.255209
0.0216402
0.114433
0.43902
0.0266564
0.0578641
0.195827
0.0085182
0.0075533
0.0310068
0.00411518
0.739758
0.00982028
0.385298
0.0660646
0.0200503
0.063958
0.107983
0.00784455
0.175836
0.0273844
0.0415758
0.334308
0.154708
0.181247
0.134709
0.1096
0.0352452
0.0498604
0.0132225
0.0142992
0.00638794
0.0247994
0.132733
0.0354951
0.0193267
0.00221561
0.039885
0.0877914
0.0499913
0.0402434
0.036006
0.211715
0.0271199
0.106782
0.242929
0.0671692
0.0610849
0.189118
0.00936802
0.0794475
0.039231
0.02196
0.0432682
0.052314
0.0326476
0.129887
0.0353402
0.0669798
0.052819
0.0264561
0.0236256
0.0106112
0.0349302
0.0723242
0.027611
0.134811
0.108361
0.0428858
0.11956
0.0420995
0.0539455
0.109024
0.245626
0.00170847
0.0694717
0.0583515
0.0262204
0.133487
0.00992428
0.184515
0.0798926
0.0715951
0.110333
0.00324203
0.828711
0.0732418
0.0469304
0.0285517
0.0203852
0.124442
0.0335896
0.0849281
0.0750792
0.0483232
0.349036
0.255413
0.0246249
0.0240881
0.250643
0.145577
0.0268965
0.0330509
0.0375857
0.0059685
0.404091
0.0765115
0.101384
0.21131
0.000166059
0.0281843
0.0989633
0.0379802
0.0349211
0.255184
0.00842622
0.00463759
0.129552
0.0216235
0.427247
0.0148123
0.00285219
0.018527
0.0733464
0.0885602
0.224419
0.138345
0.0463921
0.00555594
0.110762
0.0555654
0.249947
0.0394297
0.0145869
0.00435739
0.135533
0.000203176
0.215953
0.00155493
0.500401
0.221822
0.156586
0.0768277
0.00987357
0.100648
0.00814088
0.0271663
0.0336358
0.00387222
0.0639118
0.176005
0.0739982
0.100325
0.318794
0.0213914
0.0236992
0.307208
0.0978867
0.0631697
0.0335594
0.00246437
0.0103994
0.0878431
0.0142814
0.086098
0.00926043
0.147615
0.199189
0.0662883
0.069325
0.0775608
0.0542365
0.236331
0.109682
0.0986794
0.00275277
0.107847
0.0167308
0.0536345
0.0701501
0.0371741
0.113711
0.037663
0.224828
0.0644382
0.0927021
0.0951934
0.314272
0.188135
0.0765174
0.0372749
0.551136
0.0590195
0.0714207
0.0504099
0.0768444
0.0847056
0.0335829
0.0120192
0.041202
0.500282
0.0234316
0.11747
0.0300134
0.188027
0.0213509
0.00396535
0.0620257
0.140869
0.0323606
0.243115
0.0616717
0.109014
0.0341487
0.00477108
0.071647
0.228852
0.00999505
0.145078
0.192466
0.287932
0.28699
0.0791347
0.0341826
0.0565596
0.0523345
0.00688942
0.0918967
0.196161
0.0541979
0.0237304
0.0393944
0.0728648
0.218826
0.0799563
0.0451442
0.0153785
0.0573212
0.156209
0.272757
0.15386
0.120385
0.115084
0.0472319
0.0508573
0.135633
0.254168
0.0334168
0.103348
0.00600591
0.0651313
0.0697128
0.0542551
0.109314
0.287455
0.0598822
0.0906512
0.158336
0.0363143
0.0354824
0.0675741
0.113228
0.124045
0.0664523
0.0785579
0.24976
0.120626
0.0081967
0.126011
0.334692
0.0511944
0.0654709
0.011892
0.0195005
0.0209616
0.367218
0.0379759
0.396688
0.0403324
0.0973919
0.299032
0.0977427
0.00902358
0.594767
0.295253
0.00163946
0.148239
0.0306181
0.00525406
0.0192999
0.0380341
0.0109044
0.00193499
0.140812
0.140874
0.390524
0.00649358
0.0194312
0.0252584
0.0291765
0.532474
0.185454
0.22129
0.100393
0.0914594
0.328737
0.0484309
0.0649333
0.126013
0.0591196
0.0189999
0.0574268
0.0805924
0.0546202
0.0544362
0.277404
0.12307
0.16844
0.162084
0.00154774
0.0529237
0.0807867
0.165422
0.431146
0.067835
0.185623
0.4757
0.0629078
0.0823584
0.00442081
0.120566
0.0266466
0.234861
0.102139
0.150438
0.0561369
0.0942361
0.166068
0.129381
0.0938881
0.0511566
0.00830731
0.182765
0.0147791
0.11834
0.0860807
0.166537
0.0546244
0.0466927
0.0470475
0.0361685
0.0672628
0.155577
0.056845
0.448938
0.0546812
0.0621152
0.100246
0.0825834
0.0114535
0.00273414
0.0506407
0.0240874
0.203132
0.204156
0.0543479
0.00877027
0.0516551
0.000746681
0.362201
0.0188324
0.0894031
0.110778
0.0390399
0.0255452
0.100587
0.0114653
0.128416
0.00973445
0.00450752
0.0128613
0.0724036
0.00450583
0.356887
0.159423
0.171213
0.0831222
0.0479372
0.395551
0.0377645
0.0118788
0.0828732
0.298262
0.095875
0.0425159
0.0704929
0.170562
0.138115
0.0396267
0.0893071
0.0169127
0.0231392
0.0196455
0.0157512
0.0391218
0.0123741
0.129198
0.0410858
0.00358965
0.428022
0.0907969
0.236393
0.0982718
0.0799797
0.0349309
0.028451
0.079941
0.0241837
0.135673
0.0410462
0.0908605
0.0869839
0.154317
0.483807
0.0380893
0.0869381
0.0197603
0.483324
0.0191405
0.118535
0.074995
0.0746757
0.249101
0.144586
0.121483
0.0686278
0.109261
0.233017
0.0267524
0.0170965
0.0241169
0.546109
0.0167029
0.0925877
0.00656996
0.0354933
0.17386
0.0922018
0.108191
0.0973771
0.0259989
0.0303616
0.0450448
0.0973383
0.0259825
0.00564238
0.095772
0.110424
0.0349479
0.112525
0.199108
0.173085
0.0228715
0.0281558
0.106578
0.0509245
0.0227076
0.0453991
0.0678198
0.097353
0.015884
0.0699909
0.213883
0.213557
0.0103076
0.0267217
0.011793
0.00771517
0.23398
0.171521
0.0277723
0.0793831
0.0263809
0.0994467
0.175979
0.0139751
0.0879042
0.243443
0.181564
0.142326
0.149484
0.0516802
0.0375072
0.0224226
0.0473749
0.0333343
0.0266032
0.0455544
0.100896
0.369663
0.0114573
0.126228
0.0441925
0.033747
0.150615
0.03166
0.0302103
0.0505431
0.286717
0.118696
0.0357449
0.0206668
0.238981
0.51695
0.0611448
0.0532774
0.00444896
0.0352306
0.0688419
0.02532
0.0629932
0.0262804
0.0227031
0.0741383
0.0592116
0.050091
0.0833451
0.112348
0.00152913
0.0541453
0.0610427
0.00500842
0.0374107
0.0137491
0.0300149
0.248506
0.0150432
0.0349327
0.361072
0.0208144
0.0269449
0.0649064
0.0335877
0.0668318
0.147736
0.0626319
0.0120128
0.00870507
0.0823794
0.167666
0.011991
0.016247
0.0685227
0.330642
0.107612
0.215726
0.117887
0.0632939
0.155793
0.312313
0.19928
0.165931
0.0979296
0.165446
0.0520934
0.0353363
0.138091
0.0362401
0.12232
0.086793
0.00702345
0.0229136
0.0180778
0.0270527
0.0988314
0.000700622
0.0589445
0.338422
0.237233
0.09501
0.056374
0.204697
0.00776732
0.0432752
0.0526414
0.0407247
0.129327
0.17873
0.367127
0.487381
0.0838067
0.0175395
0.015259
0.0349374
0.090359
0.383801
0.0210305
0.0181722
0.0247589
0.195714
0.125402
0.0297516
0.209589
0.0789964
0.0522742
0.0343751
0.0907578
0.0757342
0.00447449
0.704009
0.00446817
0.0648081
0.0228005
0.0175363
0.0750981
0.440329
0.0220748
0.0253988
0.0663978
0.0244327
0.126969
0.00307943
0.252779
0.174306
0.124836
0.0135387
0.0393945
0.151086
0.332538
0.0192909
0.0835462
0.0674862
0.235082
0.308551
0.0265046
0.165703
0.0146579
0.0606946
0.327751
0.0422358
0.0197354
0.0841302
0.026416
0.103716
0.266545
0.207692
0.0124861
0.12678
0.0428454
0.00109719
0.0733499
0.0482862
0.191144
0.0161952
0.0456087
0.412804
0.282356
0.00624371
0.0319436
0.271339
0.0756548
0.0310642
0.0202395
0.0944046
0.0718868
0.161187
0.0628177
0.00960239
0.00299565
0.00467731
0.51252
0.0263921
0.335267
0.0197963
0.113689
0.0899446
0.01766
0.121624
0.429685
0.121986
0.189688
0.0852279
0.242277
0.0199359
0.160647
0.0538838
0.259481
0.0188725
0.116516
0.0428803
0.0503725
0.109682
0.0209838
0.213241
0.336787
0.0137708
0.0327538
0.055232
0.0529424
0.468048
0.0304562
0.211946
0.0618493
0.065334
0.00152216
0.179714
0.00953314
0.034343
0.296746
0.182961
0.151367
0.0932452
0.0211376
0.034383
0.0276196
0.313783
0.0667632
0.0506095
0.0125671
0.0554735
0.0383421
0.137132
0.0162283
0.119693
0.135206
0.324966
0.0367157
0.0605551
0.058218
0.311086
0.050738
0.0929079
0.0714222
0.031954
0.10031
0.205915
0.0583462
0.00387724
0.112531
0.0238342
0.184068
0.36516
0.103053
0.0875223
0.0444232
0.00432094
0.0898349
0.0816844
0.0415318
0.0172436
0.32887
0.0326812
0.118913
0.070657
0.0676369
0.0290404
0.0668092
0.294394
0.0108755
0.0689244
0.133747
0.00218559
0.0300124
0.0758113
0.299671
0.00449004
0.0328502
0.118565
0.196199
0.157924
0.0150074
0.0399869
0.221524
0.0352458
0.0249132
0.0351364
0.184481
0.023103
0.0792038
0.0406362
0.0334704
0.0309824
0.385404
0.14545
0.0200462
0.0483888
0.211415
0.00523224
0.0259931
0.152031
0.137758
0.110858
0.0520166
0.139781
0.0395742
0.202582
0.0295566
0.0706218
0.111133
0.131842
0.0478667
0.0930324
0.117036
0.0123205
0.104449
0.06966
0.106775
0.235561
0.0993683
0.108367
0.0206129
0.0139797
0.137244
0.154841
0.020649
0.0553123
0.102506
0.0998713
0.0313133
0.038216
0.0308078
0.235145
0.0145195
0.212334
0.0203742
0.150344
0.0567019
0.0238746
0.0929763
0.0649452
0.0856394
0.0314956
0.0965103
0.0650006
0.00332828
0.0784646
0.0179563
0.150685
0.0902773
0.00720665
0.0234775
0.15515
0.00968527
0.0352111
0.105484
0.0340357
0.0111094
0.0340905
0.0573855
0.000435372
0.0125697
0.149108
0.0507651
0.0298573
0.108046
0.0774577
0.0374666
0.0254759
0.24066
0.108488
0.111603
0.0320642
0.030477
0.00985765
0.116182
0.245198
0.0473814
0.00890312
0.454849
0.171362
0.0198242
0.300507
0.0843517
0.062229
0.0427184
0.113637
0.0553179
0.180065
0.140324
0.224006
0.0565256
0.140772
0.0483599
0.103338
0.263551
0.0333271
0.0246037
0.081423
0.0749329
0.12859
0.0891176
0.168439
0.10065
0.124769
0.0700089
0.0669968
0.0222594
0.250277
0.0560036
0.125163
0.0192467
0.168863
0.00595278
0.0232678
0.0221252
0.00693309
0.0765231
0.0982566
0.512264
0.511683
0.105956
0.0320017
0.455828
0.101774
0.0739487
0.104978
0.106966
0.255973
0.0225429
0.042084
0.0069445
0.0514516
0.162651
0.145816
0.0181599
0.011555
0.0834715
0.0271981
0.0312183
0.513245
0.0501908
0.232526
0.0316341
0.0612372
0.0464829
0.000102478
0.00880438
0.0650774
0.132674
0.418268
0.152545
0.17822
0.172533
0.334709
0.360239
0.238383
0.0678403
0.00137783
0.214869
0.0958198
0.0708712
0.165759
0.111178
0.220443
0.0485683
0.0126174
0.058615
0.0328604
0.0248766
0.0992004
0.0708176
0.0157332
0.406808
0.0973417
0.0399063
0.278406
0.145879
0.475211
0.125767
0.00786525
0.075454
0.0109097
0.126356
0.24608
0.151113
0.000187995
0.136965
0.0382007
0.13847
0.0612885
0.0528149
0.0365524
0.0751572
0.0452708
0.0860153
0.0379741
0.108951
0.33768
0.0154142
0.0779979
0.133206
0.0590826
0.00305837
0.20988
0.0508742
0.0426226
0.229257
0.295299
0.049069
0.0413597
0.00841568
0.133764
0.000160529
0.176637
0.0254697
0.0370821
0.0789434
0.252026
0.0187663
0.0129864
0.0289754
0.0231295
0.0769609
0.0569039
0.0174099
0.250631
0.0740167
0.0369634
0.0642921
0.23757
0.0577985
0.124144
0.21406
0.365964
0.0596516
0.0213695
0.0431204
0.0050127
0.00333572
0.113479
0.210743
0.121154
0.110221
0.185621
0.131906
0.0711061
0.0260951
0.0873483
0.102097
0.140571
0.0948076
0.00765902
0.0607483
0.393577
0.00671057
0.281755
0.159204
0.213943
0.137817
0.611788
0.0159409
0.00397597
0.000885483
0.0109628
0.265458
0.722802
0.210413
0.0903693
0.00460957
0.0224949
0.0328964
0.172078
0.0485668
0.027909
0.0624845
0.0318093
0.16361
0.487367
0.0172014
0.160833
0.00850604
0.00415081
0.270182
0.0558464
0.038219
0.000404233
0.0349105
0.0310778
0.0403533
0.0181517
0.452484
0.00113335
0.0722929
0.321681
0.00282247
0.0769748
0.103923
0.163701
0.267428
0.00935302
0.0209728
0.149565
0.118049
0.0838779
0.0796123
0.0972002
0.322082
0.0515706
0.16171
0.0982344
0.274257
0.0750355
0.0495805
0.167707
0.0684562
0.277936
0.0349529
0.660291
0.00275738
0.0439416
0.017669
0.019719
0.0665159
0.0652702
0.240128
0.145745
0.0186917
0.0395326
0.0360407
0.0196594
0.12727
0.0196434
0.458624
0.028353
0.171626
0.093996
0.0728416
0.591519
0.0153316
0.0121382
0.1624
0.0297121
0.45135
0.178812
0.0883257
0.0936601
0.0179376
0.195076
0.0424835
0.0207891
0.0826762
0.104311
0.0198205
0.17811
0.37156
0.00295118
0.0178243
0.00613625
0.0953676
0.0340726
0.110142
0.0516883
0.195761
0.201668
0.0167795
0.0878577
0.125453
0.0147492
0.271391
0.00310002
0.0692811
0.153864
0.0496481
0.0266383
0.0277859
0.0330842
0.0209027
0.0615373
0.0358624
0.282605
0.260977
0.0347644
0.121313
0.00880879
0.1519
0.0766925
0.119393
0.156467
0.0935224
0.270736
0.0035499
0.13504
0.00117111
0.0308074
0.0617692
0.107385
0.220541
0.0306208
0.259445
0.184743
0.286281
0.213247
0.00203909
0.0349826
0.104924
0.0517572
0.0131171
0.282707
0.0243691
0.233425
0.147411
0.0582916
0.500533
0.077416
0.137782
0.0113319
0.196482
0.0221803
0.049262
0.0498615
0.00777756
0.432497
0.0933993
0.0689767
0.0108344
0.00510046
0.0149756
0.0813939
0.233173
0.0295711
0.0702393
0.249236
0.0210243
0.0236608
0.0213422
0.00218636
0.0172917
0.0122325
0.0811353
0.0471269
0.0209679
0.365695
0.275751
0.0120893
0.000450945
0.104098
0.0691178
0.107036
0.166124
0.026524
0.0340329
0.332097
0.227747
0.0380932
0.000706851
0.210343
0.0238361
0.0779041
0.000676752
0.00687885
0.0512977
0.00350919
0.0002497
0.00546545
0.170472
0.0195277
0.000434221
0.186313
0.000225479
0.0241097
0.341765
0.106196
0.0136308
0.0232904
0.107987
0.0237926
0.248191
0.182363
0.0296038
0.0193912
0.0749529
0.0793158
0.0145202
0.0143362
0.236597
0.0738331
0.0529139
0.119307
0.0115154
0.00254708
0.113141
0.0212438
0.00955914
0.0847258
0.0634514
0.0581336
0.0639394
0.0584521
0.289386
0.0154289
0.142996
0.00506213
0.0332036
0.041821
0.0796897
0.101847
0.0366436
0.0671237
0.0205675
0.182507
0.172093
0.092921
0.0520557
0.0806534
0.0181321
0.00305908
0.0570161
0.120402
0.0681222
0.0314672
0.00631346
0.0338199
0.0307524
0.0570022
0.0198553
0.0414692
0.06113
0.14764
0.0353821
0.018097
6.22637e-05
0.158627
0.0726797
0.0633086
0.26231
0.0702388
0.0644997
0.162167
0.134044
0.0221913
0.147309
0.202915
0.0680575
0.0488095
0.0415256
0.0174239
0.0127532
0.0332724
0.0376123
0.0593963
0.0566201
0.0534674
0.183381
0.0946194
0.0480969
0.16099
0.046945
0.037365
0.00160817
0.0271173
0.280188
0.000823155
0.108545
0.0199699
0.191259
0.171411
0.176051
0.123894
0.0552998
0.132419
0.0382938
0.0101568
0.0136308
0.105339
0.0079044
0.0615322
0.128737
0.149998
0.0268668
0.00209568
0.208817
0.199095
0.232062
0.059253
0.125605
0.153437
0.0151777
0.15704
0.213682
0.323337
0.11905
0.0754074
0.0775693
0.0137841
0.247774
0.0195823
0.18934
0.299335
0.0527789
0.00238719
0.0540009
0.347342
0.241121
0.0570431
0.0239121
0.0525636
0.201881
0.0311446
0.0603064
0.0379532
0.0288634
0.205732
0.30604
0.0786404
0.00805135
0.020238
0.0606427
0.00943733
0.0170013
0.0536371
0.0527814
0.0299097
0.0795379
0.182592
0.136719
0.0208054
0.0289748
0.0182046
0.00942392
0.0231452
0.091324
0.00126256
0.357354
0.0781854
0.210047
0.344194
0.0662375
0.200373
0.110644
0.139417
0.253159
0.020537
0.0516379
0.339277
0.210619
0.0888969
0.101046
0.282877
0.0399749
0.0376827
0.0778785
0.0189029
0.0179958
0.113404
0.01338
0.195463
0.120328
0.0424683
0.107058
0.0023846
0.106925
0.0576488
0.172181
0.135616
0.0114844
0.445326
0.00871345
0.299589
0.229138
0.0276735
0.152476
0.0435587
0.00230692
0.0353406
0.0566796
0.269172
0.0657503
0.0902471
0.13984
0.076593
0.0114933
0.135425
0.239692
0.00700708
0.191949
0.0214439
0.064477
0.150381
0.00489307
0.0305759
0.0967665
0.0139134
0.0140223
0.482481
0.000176064
0.151474
0.0426261
0.0421112
0.221381
0.0144824
0.244781
0.0304416
0.000745124
0.0013665
0.0165418
0.00628055
0.0859184
0.229462
0.0102029
0.107259
0.0110344
0.0332876
0.00632612
0.0171971
0.0465847
0.0929554
0.115062
0.0320789
0.016348
0.034066
0.270828
0.010557
0.0137614
0.045275
0.0903135
0.125598
0.0835783
0.0213251
0.122521
0.0153654
0.0178845
0.149629
0.0663892
0.0161022
0.1036
0.0191004
0.022996
0.0488554
0.0851146
0.0682744
0.0809596
0.0474081
0.200115
4.58495e-05
0.314912
0.188455
0.0787113
0.155527
0.0447936
0.226505
0.0224874
0.0874874
0.000233872
0.0727501
0.111557
0.0110908
0.0995089
0.310964
0.0583478
0.078578
0.12255
0.054403
0.0307208
0.0989454
0.00737898
0.0978153
0.0688124
0.149401
0.0857491
0.115024
0.107932
0.189292
0.0209422
0.190531
0.124288
0.000394266
0.00686933
0.0907426
0.0776445
0.0131001
0.00985743
0.0755972
0.0197474
0.0434849
0.0506733
0.111676
0.0272686
0.0261611
0.03844
0.082334
0.00557177
0.233658
0.0456462
0.124183
0.00584722
0.289075
0.0989663
0.24101
0.198849
0.0301188
0.0171992
0.198828
0.0860426
0.089397
0.176737
0.112772
0.171373
0.0117043
0.0171465
0.117023
0.353647
0.0942542
0.0889427
0.0162416
0.0143424
0.154953
0.144697
0.0258297
0.0378745
0.0128314
0.027991
0.211794
0.0396942
0.180792
0.0230961
0.00534744
0.234871
0.0653599
0.094937
0.131204
0.0785295
0.0841617
0.0424956
0.0407602
0.0824114
0.189387
0.165787
0.299309
0.199783
0.101038
0.0694265
0.242668
0.30107
0.140831
0.00553667
0.0257798
0.0958203
0.086957
0.0285229
0.0420652
0.222628
0.105962
0.0668074
0.142088
0.116487
0.0524881
0.0281434
0.376691
0.110879
0.0666387
0.411058
0.0368221
0.184377
0.0155277
0.00365056
0.000889886
0.0433851
0.0290343
0.32417
0.0315964
0.00227995
0.050539
0.200076
0.0794217
0.00977887
0.0827442
0.0216589
0.132852
0.113303
0.255851
0.0678539
0.113644
0.0607147
0.0234261
0.0994515
0.078836
0.00646304
0.0206534
0.000334987
0.0736148
0.126495
0.127238
0.021868
0.0453408
0.0809706
0.259823
0.0970216
0.0350603
0.0205367
0.264965
0.0955263
0.133068
0.349885
0.123539
0.0735192
0.0485498
0.0713941
0.0767609
0.0246345
0.0157528
0.20363
0.0702287
0.102714
0.0502072
0.526106
0.109346
0.140645
0.0092127
0.208738
0.0271563
0.0691241
0.0249157
0.239743
0.0566748
0.0233605
0.0130882
0.432168
0.0439782
0.544974
0.0111219
0.162483
0.0712296
0.0930922
0.285626
0.213284
0.0495028
0.0270417
0.12227
0.170214
0.113297
0.178832
0.0566949
0.0275617
0.0731941
0.0416921
0.0163167
0.66708
0.0512352
0.0586017
0.132554
0.00564783
0.0136589
0.0291086
0.0115296
0.0939755
0.0477848
0.0647513
0.0365075
0.274917
0.0471641
0.0810737
0.188245
0.0579839
0.0129458
0.0305463
0.457001
0.0567726
0.140917
0.0333013
0.0351214
0.0134791
0.0680783
0.0280487
0.007024
0.0420787
0.106516
0.132718
0.0113302
0.0606742
0.0350216
0.150719
0.0401941
0.00243732
0.256791
0.0334073
0.128394
0.114051
0.169102
0.31763
0.0146764
0.122057
0.055811
0.0215498
0.0568575
0.181536
0.0500257
0.0545949
0.0641339
0.161819
0.0973584
0.0560188
0.0582775
0.00518843
0.432686
0.0174864
0.00244566
0.0259435
0.011336
0.0628913
0.258423
0.190547
0.130298
0.0417043
0.0256771
0.123673
0.0211183
0.0118319
0.0102069
0.066575
0.0678451
0.0116528
0.0410321
0.00976956
0.0601328
0.0365133
0.0318534
0.0262005
0.0608818
0.0526822
0.067846
0.108221
0.0365585
0.288792
0.262085
0.121648
0.108114
0.154829
0.148905
0.0590344
0.0832066
0.114837
0.143946
0.0194602
0.0861774
0.0240834
0.031241
0.0771886
0.540798
0.141038
0.145376
0.220692
0.109434
0.220444
0.0139184
0.0514127
0.220869
0.154459
0.032159
0.0446343
0.275753
0.00638749
0.103428
0.0209867
0.0980387
0.090985
0.0039478
0.119977
0.0734191
0.179006
0.0343582
0.00479575
0.0247999
0.00264877
0.0331201
0.252143
0.0251155
0.384103
0.163278
0.0568916
0.235788
0.133277
0.145191
0.0294073
0.00912213
0.140121
0.0271896
0.0566875
0.115339
0.00299777
0.190169
0.062291
0.335795
0.123449
0.0026829
0.00620781
0.22311
0.107616
0.082269
0.0161585
0.00715544
0.0702202
0.00475217
0.0871622
0.14389
0.102853
0.10276
0.00706362
0.0779796
0.126393
0.114545
0.173644
0.427621
0.00748926
0.0997543
0.0585999
0.00130808
0.107554
0.215738
0.0665196
0.0322662
0.264829
0.241541
0.0327122
0.0186222
0.0204104
0.0270167
0.0598253
0.262862
0.229036
0.150569
0.110343
0.0371779
0.0710025
0.0014093
0.0107987
0.0489556
0.0192542
0.070145
0.0116524
0.244794
0.00123826
0.0286032
0.100384
0.163135
0.0331758
0.0505556
0.171665
0.0218485
0.00646313
0.156676
0.044776
0.0928203
0.213441
0.199763
0.00454676
0.113837
0.171444
0.0465481
0.0036506
0.00470416
0.0880332
0.0646446
0.0460543
0.138129
0.00531161
0.109576
0.0172646
0.152249
0.146932
0.00274467
0.00351169
0.0245735
0.291013
0.0434937
0.0340503
0.0556358
0.0490101
0.0913019
0.0286084
0.221704
0.255285
0.0199944
0.0447182
0.0120804
0.15118
0.0973034
0.0691517
0.0131701
0.0591833
0.00315057
0.489236
0.00659914
0.0670905
0.281938
0.200393
0.0491241
0.184319
0.367818
0.161768
0.0151088
0.00726906
0.205608
0.0398659
0.179413
0.0104371
0.0418187
0.125598
0.0542806
0.237101
0.0316488
0.00956907
0.190053
0.118388
0.150331
0.0334513
0.136441
0.00188103
0.0901876
0.212433
0.0995779
0.0505997
0.0372643
0.532597
0.0352353
0.210686
0.311607
0.0313784
0.131496
0.00886671
0.0533964
0.0872086
0.0166141
0.0250358
0.0221487
0.400628
0.101977
0.0808612
0.00640568
0.0413374
0.188385
0.19593
0.300824
0.0236462
0.0399216
0.0409062
0.161893
0.0568655
0.276942
0.0678621
0.117153
0.262539
0.176693
0.0699927
0.165914
0.0249337
0.0828126
0.0741599
0.164644
0.0216991
0.153108
0.0670042
0.309837
0.0798994
0.00117093
0.201991
0.109837
0.0656953
0.00139539
0.224658
0.198468
0.00887374
0.032809
0.144761
0.111072
0.356237
0.00845554
0.0362338
0.381501
0.0939928
0.100594
0.0909188
0.0386626
0.210183
0.189415
0.0101785
0.0978571
0.0421739
0.0195144
0.118567
0.0328362
0.141073
0.00502467
0.0301966
0.00729788
0.0297528
0.0523729
0.0165986
0.0575116
0.169607
0.181112
0.0223431
0.089378
0.0477059
0.151928
0.103075
0.34246
0.0269581
0.0446091
0.081177
0.0750291
0.0117981
0.032364
0.0256279
0.0504506
0.0633517
0.0384613
0.00110343
0.0435002
0.0779384
0.315315
0.0174618
0.107815
0.0833268
0.0754613
0.0112583
0.132749
0.140492
0.0758268
0.128405
0.0186492
0.0645075
0.0664679
0.00560076
0.090278
0.0160414
0.250632
0.00139697
0.209054
0.0458829
0.252097
0.0794111
0.0190853
0.135128
0.163927
0.148289
0.0395415
0.284454
0.0458525
0.0858577
0.00978872
0.0669958
0.02466
0.0211762
0.131365
0.13326
0.131636
0.0267087
0.0542228
0.0897335
0.00789031
0.128033
0.00253424
0.0589562
0.183661
0.0775262
0.127698
0.169855
0.141782
0.226688
0.268118
0.0262043
0.00139982
0.0272513
0.0149437
0.160609
0.108913
0.0143853
0.00219755
0.00327724
0.0978184
0.0982845
0.0584309
0.0446943
0.15027
0.0809133
0.151091
0.213845
0.107184
0.0433068
0.0101012
0.172235
0.026334
0.157818
0.108803
0.0243642
0.0328502
0.0269924
0.0382213
0.0374117
0.200439
0.166024
0.0184913
0.0208011
0.0506313
0.00875735
0.015825
0.0091085
0.156237
0.121408
0.222529
0.387406
0.0243879
0.0674866
0.069173
0.179984
0.302469
0.0739902
0.0890133
0.0122611
0.166774
0.109024
0.0273312
0.495448
0.117193
0.00868011
0.0279129
0.149085
0.114985
0.0258613
0.0265478
0.0060874
0.0369665
0.14879
0.0131577
0.0107282
0.0389903
0.00411546
0.0541055
0.234722
0.0988867
0.0468663
0.188152
0.0737177
0.148927
0.000401055
0.196561
0.00893872
0.0810453
0.199165
0.059278
0.00518113
0.0219806
0.2113
0.171445
0.0170746
0.10308
0.0267641
0.0556768
0.0940804
0.0559192
0.0100735
0.168324
0.408169
0.105926
0.0368565
0.177426
0.040972
0.0787988
0.0835318
0.112926
0.00542397
0.0126039
0.0782923
0.0354732
0.227246
0.0557041
0.0687495
0.0974733
0.155754
0.237603
0.187236
0.0147327
0.161242
0.0384138
0.0228605
0.0374121
0.20003
0.152073
0.0499984
0.0467424
0.123726
0.0502882
0.25497
0.239044
0.0714318
0.337066
0.0567225
0.17409
0.14044
0.038196
0.0961178
0.0157091
0.178928
0.121282
0.0108572
0.016879
0.185906
0.162102
0.162194
0.0487616
0.0129696
0.17263
0.0276871
0.288178
0.383272
0.0199732
0.0425656
0.116424
0.0182709
0.0352375
0.022735
0.13587
0.0828372
0.327538
0.0341126
0.199682
0.0836579
0.167248
0.109731
0.0152579
0.127323
0.0501128
0.105424
0.0790185
0.00458579
0.0389607
0.0595217
0.176041
0.0917626
0.00304691
0.0289936
0.0282845
0.142014
0.0960134
0.0383884
0.106093
0.119364
0.0337494
0.0718747
0.0545243
0.0952288
0.212999
0.165701
0.119043
0.0171333
0.000802036
0.032673
0.0752394
0.0862332
0.0300682
0.00293217
0.0379076
0.010072
0.00297852
0.0983618
0.0107855
0.461039
0.0542271
0.0645233
0.0256386
0.235631
0.13439
0.112858
0.161877
0.208602
0.0114611
0.18771
0.0802805
0.084582
0.102017
0.0526598
0.065621
0.0297691
0.129014
0.193484
0.222767
0.401486
0.242801
0.0639519
0.0287085
0.0635225
0.207295
0.00403787
0.0483032
0.0281794
0.375695
0.59637
0.0768525
0.0634251
0.270048
0.0860739
0.142942
0.566288
0.00595094
0.0527859
0.016275
0.0160884
0.0947595
0.0100157
0.0549744
0.124563
0.13643
0.0279727
0.0421081
0.104351
0.073305
0.0666369
0.0678331
0.00245478
0.0803645
0.3051
0.207659
0.110298
0.127966
0.126905
0.210999
0.00322599
0.0673599
0.128211
0.00734888
0.152907
0.0366657
0.104598
0.04179
0.0947237
0.0955173
0.0333132
0.219539
0.139883
0.291278
0.179692
0.0803008
0.132559
0.0926903
0.128766
0.395771
0.180729
0.0612097
0.0426472
0.0169597
0.148426
0.0369952
0.0359377
0.139267
0.0103475
0.0461809
0.087964
0.181716
0.170755
0.0389936
0.0299406
0.0559181
0.132004
0.0655858
0.00882889
0.0475776
0.465335
0.0777774
0.0990969
0.0123411
0.0454561
0.0552906
0.0405027
0.128925
0.139127
0.128776
0.00573446
0.199935
0.0464681
0.0260405
0.0871416
0.00451816
0.0243639
0.00621974
0.0921374
0.130354
0.0206914
0.215261
0.107359
0.15839
0.0631707
0.130757
0.0827504
0.17816
0.0963881
0.22824
0.151066
0.15232
0.204487
0.0621167
0.0326741
0.0559964
0.0176156
0.200531
0.0448267
0.0254459
0.0470102
0.0112582
0.292875
0.342303
0.0366526
0.00270793
0.180209
0.1694
0.184476
0.0204818
0.0569345
0.0165152
0.195662
0.177715
0.0612521
0.153807
0.0423833
0.0623763
0.0096783
0.000321658
0.0275721
0.0690859
0.0136261
0.32857
0.067212
0.0714456
0.0831043
0.259006
0.169182
0.0879521
0.0207999
0.183032
0.127443
0.029654
0.0925317
0.144166
0.0213578
0.077857
0.0289294
0.100031
0.102009
0.0828137
0.213331
0.204449
0.0775974
0.0323936
0.00041223
0.0422539
0.0374043
0.151703
0.162589
0.0182084
0.231852
0.128816
0.00227669
0.177065
0.0883118
0.0374863
0.0383483
0.0226323
0.0704379
0.0509248
0.0873519
0.191546
0.0510712
0.0195266
0.132244
0.025363
0.00815758
0.33156
0.0644178
0.0166425
0.0100128
0.084825
0.0746271
0.0262587
0.0169997
0.155313
0.169373
0.0709395
0.131836
0.0566174
0.0167504
0.00438045
0.0511641
0.0726831
0.197048
0.158187
0.0510439
0.614846
0.206194
0.0444327
0.235697
0.0980447
0.169194
0.0050929
0.0749183
0.0467761
0.0784999
0.17272
0.0725171
0.425093
0.105246
0.0772427
0.022303
0.00954008
0.0595165
0.00854761
0.0144576
0.0565065
0.244024
0.166345
0.0633895
0.111979
0.0106486
0.19331
0.00395306
0.0380396
0.0766245
0.144976
0.109937
0.0218421
0.00612922
0.470037
0.0214223
0.00805153
0.106765
0.125929
0.125356
0.188781
0.13502
0.0755547
0.0810554
0.160387
0.0550852
0.0595452
0.05796
0.0692749
0.0263963
0.147004
0.050884
0.148553
0.168119
0.0337567
0.217669
0.0298762
0.0105886
0.0396313
0.0960902
0.00685565
0.0583264
0.0167243
0.0985389
0.00352866
0.0236626
0.0219794
0.00420814
0.00773356
0.0467542
0.101187
0.00793948
0.0112292
0.0761143
0.172186
0.13785
0.00991178
0.276559
0.00441685
0.1633
0.112852
0.317609
0.0155992
0.0471734
0.211942
0.0774954
0.0639522
0.18749
0.058021
0.0117024
0.114256
0.0574723
0.0230264
0.0642855
0.204158
0.00180336
0.0155083
0.0171759
0.0857469
0.0989705
0.0566401
0.133589
0.0100745
0.0255316
0.0163438
0.0982652
0.110248
0.0156115
0.00666093
0.181244
0.40894
0.151775
2.53485e-05
0.0235406
0.0800879
0.484404
0.0382209
0.0938538
0.0514852
0.124656
0.361585
0.088732
0.101784
0.035438
0.113361
0.00274974
0.03912
0.0080878
0.105591
0.0265883
0.0253044
0.0991847
0.0627985
0.00165852
0.212431
0.0321782
0.0664818
0.0257268
0.0781969
0.0350537
0.051065
0.0309788
0.0559389
0.0444324
0.043049
0.00698773
0.182633
0.111369
0.0165496
0.00419732
0.09476
0.0429332
0.0117663
0.0671931
0.0550773
0.0697696
0.257913
0.524184
0.0554408
0.0788342
0.0208323
0.0314564
0.133951
0.0247862
0.519652
0.39887
0.0321124
0.182273
0.0122828
0.00444051
0.0541382
0.0290772
0.0343935
0.204637
0.00401814
0.00258645
0.0110757
0.0122072
0.0438956
0.0416815
0.302956
0.0440572
0.0147577
0.0125223
0.093647
0.0318608
0.141898
0.189275
0.215682
0.147838
0.0879617
0.107375
0.212774
0.0912112
0.0245176
0.00779965
0.0402371
0.232342
0.00657308
0.00301918
0.0783079
0.0331388
0.145806
0.0832927
0.0563976
0.158339
0.369755
0.146822
0.0153853
0.0567431
0.293775
0.0555817
0.152187
0.0853645
0.0716497
0.215217
0.126636
0.224264
0.200377
0.102216
0.000155574
0.029172
0.124831
0.0169067
0.0445654
0.00528438
0.0299883
0.0465271
0.0348994
0.0791071
0.0760513
0.0617645
0.148579
0.10508
0.0827674
0.0335124
0.00103407
0.114716
0.227328
0.00824575
0.185631
0.092701
0.328869
0.192394
0.0232941
0.0240415
0.147536
0.000872412
0.0216979
0.16636
0.0628028
0.112656
0.0243909
0.17916
0.0246962
0.0320884
0.139883
0.323341
0.32393
0.153946
0.0223616
0.0205308
0.0628804
0.028127
0.0371736
0.0437519
0.0323831
0.327529
0.127642
0.113267
0.333661
0.286424
0.00904865
0.123835
0.0287538
0.00494964
0.0352542
0.0348388
0.0599657
0.0441308
0.0345747
0.390489
0.154164
0.0298268
0.352277
0.0521562
0.00134502
0.140581
0.117092
0.0172966
0.253039
0.0676997
0.200601
0.0887613
0.0163648
0.599255
0.017102
0.0107815
0.21374
0.104518
0.140191
0.0556963
0.182057
0.188821
0.028715
0.0405116
0.0169782
0.274179
0.0957734
0.0409045
0.0883337
0.034392
0.144594
0.195281
0.0788493
0.0205688
0.0229048
0.0457059
0.0706178
0.179481
0.0355199
0.381549
0.0268003
0.0182188
0.0929664
0.00246322
0.0463403
0.176865
0.170214
0.0106436
0.19095
0.223608
0.161332
0.00762959
0.113325
0.153801
0.0239147
0.0811067
0.0751924
0.283743
0.0263138
0.0443132
0.124519
0.112297
0.200355
0.0516133
0.343506
0.143112
0.0448049
0.0942037
0.093659
0.0287387
0.0235342
0.0286664
0.0698709
0.423555
0.0270843
0.0304399
0.0530543
0.0438641
0.0352126
0.00579235
0.0171674
0.137928
0.00533631
0.0302907
0.0155949
0.0275205
0.0435505
0.318644
0.125734
0.490595
0.123315
0.212134
0.199513
0.204577
0.0427564
0.00740498
0.149961
0.153291
0.0480054
0.0754806
0.130527
0.0275616
0.0799811
0.0363614
0.172152
0.0980072
0.00798486
0.0851112
0.00600334
0.116343
0.0102428
0.0195027
0.0320041
0.14462
0.0223979
0.0146681
0.0505577
0.0226706
0.0801506
0.098279
0.0832076
0.0721102
0.0122344
0.254883
0.0858692
0.135856
0.0628922
0.171785
0.0214395
0.0811684
0.122289
0.00207984
0.15071
0.0789521
0.300745
0.381588
0.154745
0.0301181
0.283235
0.129148
0.0904526
0.0580808
0.0253184
0.018552
0.018809
0.487201
0.0573935
0.0418655
0.0100875
0.0174918
0.0205526
0.0147672
0.05506
0.0564162
0.0016255
0.000224371
0.216215
0.106226
0.377168
0.0113238
0.28173
0.20989
0.0323975
0.0648646
0.018276
0.0516101
0.0773585
0.0913607
0.0693256
0.083476
0.0158194
0.455984
0.16551
0.129695
0.0198553
0.0273523
0.0391763
0.404391
0.0602016
0.00232948
0.0514723
0.0107008
0.0145113
0.0857544
0.014996
0.0187438
0.0652286
0.0153158
0.0392913
0.0632352
0.0139261
0.219153
0.0275756
0.00504716
0.0765986
0.158432
0.163733
0.0799222
0.288623
8.646e-05
0.0813181
0.127476
0.0710718
0.0144115
0.410472
0.017428
0.348809
0.0100575
0.121772
0.154056
0.0577565
0.174329
0.367417
0.0722301
0.150481
0.07428
0.0061867
0.107369
0.00729732
0.196121
0.267013
0.0794877
0.11454
0.0971454
0.170483
0.205489
0.0548726
0.045673
0.0108967
0.0256406
0.0349946
0.0725709
0.00550195
0.0505829
0.0423406
0.0560476
0.235617
0.191474
0.0101542
0.289277
0.153253
0.306725
0.00913445
0.22163
0.370498
0.0490413
0.521314
0.00656589
0.003422
0.0383996
0.193766
0.019153
0.0272367
0.141797
0.216554
0.0305254
0.224668
0.103985
0.0478532
0.00915469
0.35269
0.0184497
0.0249459
0.369452
0.0892214
0.148668
0.0638014
0.10328
0.195076
0.0542641
0.083302
0.0679417
0.0769087
0.0766674
0.0890953
0.201057
0.00643407
0.0234802
0.0176934
0.149941
0.0522192
0.00827524
0.0515065
0.0931797
0.0332552
0.0614985
0.068375
0.0314567
0.0212688
0.0191248
0.0429484
0.0435286
0.170081
0.0958332
0.189826
0.124449
0.0305229
0.0742678
0.0228807
0.00485936
0.098639
0.356058
0.211124
0.295305
0.0570776
0.00866741
0.10129
0.225042
0.0506573
0.342084
0.017548
0.136373
0.00288428
0.0453559
0.149729
0.0191787
0.0913078
0.0726519
0.14457
0.0915768
0.270518
0.140536
0.147985
0.00587028
0.0810034
0.0368037
0.167348
0.081439
0.110778
0.174438
0.0446535
0.0528909
0.0690507
0.0131968
0.00432274
0.00169911
0.0599219
0.10413
0.0546193
0.0972674
0.102008
0.0163966
0.0460643
0.0798835
0.0281258
0.0106135
0.0783696
0.0510058
0.0250779
0.0345806
0.0592931
0.123651
0.184402
0.0210097
0.0890109
0.0899722
0.0896699
0.0655016
0.026913
0.185392
0.239706
0.0435519
0.029434
0.000288162
0.0297569
0.456071
0.0817141
0.236755
0.00589704
0.15082
0.0999865
0.0212874
0.298339
0.137658
0.109483
0.0321987
0.236453
0.1251
0.147073
0.035723
0.116212
0.105138
0.159701
0.081124
0.0150887
0.151165
0.027817
0.194733
0.183305
0.206502
0.138734
0.0515012
0.0861091
0.0332796
0.122534
0.0898283
0.0208769
0.0200253
0.0564289
0.0391164
0.0257615
0.074958
0.0621292
0.0286168
0.433538
0.0282078
0.0560357
0.0695579
0.0441671
0.0138224
0.00245609
0.0505378
0.00297762
0.309804
0.0843036
0.0907284
0.0800219
0.0394023
0.112139
0.0279228
0.122939
0.128919
0.0661243
0.0835185
0.148213
0.0342837
0.00301252
0.0596454
0.00791011
0.167689
0.0181404
0.0646773
0.0568186
0.0588835
0.0926742
0.277393
0.243737
0.100488
0.0774554
0.0373029
0.0591142
0.148203
0.0463634
0.122834
0.15359
0.00701001
0.00173288
0.1549
0.0349456
0.0136631
0.0391499
0.103909
0.0112901
0.147756
0.00672201
0.0182939
0.00981128
0.0801785
0.00422502
0.0421238
0.0231918
0.0688904
0.144678
0.00731152
0.104408
0.0872948
0.0283799
0.23348
0.0489554
0.051156
0.0469835
0.0337181
0.0738848
0.084436
0.047261
0.139642
0.433562
0.0434537
0.224275
0.0881945
0.0103022
0.439262
0.0143518
0.0616457
0.0590905
0.0292805
0.0979078
0.0770383
0.101178
0.135373
0.00595593
0.0786908
0.0454121
0.0428639
0.131996
0.0376214
0.042142
0.0672421
0.00880203
0.0341683
0.084284
0.0762241
0.168276
0.0711826
0.0565118
0.294333
0.0114569
0.0801397
0.0189697
0.111461
0.0603584
0.300851
0.0199218
0.0230061
0.0788324
0.0867338
0.10123
0.23951
0.15549
0.0710032
0.775598
0.00381439
0.22625
0.172648
0.180962
0.385658
0.00755916
0.244146
0.0680865
0.0245991
0.0365257
0.134955
0.0128348
0.0735521
0.0269862
0.0824273
0.0741155
0.17774
0.0141594
0.097867
0.047147
0.0496913
0.0599065
0.0409887
0.0309322
0.0872108
0.0693315
0.0509392
0.00920687
0.373175
0.116723
0.0532769
0.0329447
0.0121622
0.205599
0.0588272
0.0519388
0.0696695
0.0342252
0.00773157
0.0845062
0.0383069
0.0926381
0.0514309
0.0223182
0.0432366
0.0735497
0.0746029
0.103037
0.103492
0.0721769
0.454558
0.0141854
0.0464888
