0.53734
0.478497
0.148281
0.741187
1.05107
0.114246
0.109367
0.0267867
0.0600552
0.0522489
1.69336
0.308237
1.24623
0.0763147
0.0672862
0.32706
0.267014
0.290513
0.324221
1.43785
0.168429
1.18081
0.0870627
0.219704
0.0561779
2.06647
0.207723
0.578065
0.356735
0.0693008
2.4661
0.0665818
0.623192
0.326056
0.165772
0.191792
1.02561
0.148606
0.0138275
0.410678
0.780874
0.248279
0.737738
0.307526
0.317037
0.961387
1.37669
0.426197
2.99019
0.120952
0.431493
0.363584
0.168342
1.27214
0.129517
0.0139036
0.082949
0.775475
0.20644
0.357344
0.140408
0.117988
0.824098
0.396973
0.180568
0.457844
0.0610464
1.04992
0.16184
0.378262
0.385131
0.206213
0.752355
0.057717
1.64044
0.170102
0.239223
0.0335785
0.810085
2.22465
0.150296
0.0273496
0.334165
0.305431
0.576857
0.574612
0.0369605
0.172265
0.919833
0.716046
0.265588
1.58473
0.358498
0.145663
0.307626
0.0272112
0.0472633
0.313291
0.0719781
0.0163558
0.291801
1.49545
0.172735
1.17798
0.0595098
0.479213
0.174395
0.259141
0.232033
0.429093
0.545306
0.0632089
0.472781
0.107541
0.204413
0.0504877
0.431773
1.00907
0.00244151
0.269001
1.54867
0.00897339
0.0337517
0.132879
0.76528
0.823401
0.512498
0.764084
0.133483
0.0333617
0.122842
0.995922
0.120899
1.41461
0.221926
0.164646
0.198456
0.748561
0.0101552
0.726113
0.549117
0.581153
1.65342
0.982883
1.64319
0.234599
0.69509
0.154435
0.417397
0.521899
0.935187
0.094505
0.757482
0.09428
0.179872
0.0227307
0.0164826
1.29405
0.392094
0.241856
0.250905
1.08629
0.684997
1.54073
1.4244
0.281445
0.180639
2.07422
0.306812
1.51886
1.12405
0.882265
2.21081
0.111265
0.512636
0.465642
0.641342
0.896151
0.988853
0.17683
0.683142
0.605172
1.20865
0.88097
0.0537582
0.204018
0.491803
0.455993
0.657402
0.0854099
0.97832
3.13156
0.659451
1.24644
0.454369
0.243727
0.319384
0.927204
0.106661
0.0179679
0.0212926
0.00320536
0.0931365
0.399955
0.408271
0.26676
0.0755749
0.144379
0.813932
0.184842
0.176161
0.0127804
0.624755
0.11446
0.00780666
0.0840177
0.114606
0.0650386
0.0215894
0.460605
0.961679
0.402882
0.749134
0.158791
1.19268
0.520888
0.0811252
0.676661
0.0825859
0.0555741
0.448527
1.53927
0.0590194
0.181254
0.461041
0.245518
0.0524771
0.0697214
0.256528
0.105073
0.475129
0.0202158
0.10315
0.755941
0.419192
0.894601
0.323874
0.272631
1.03819
0.518207
0.0275777
0.151986
1.02348
0.548007
2.31173
0.215232
0.0418586
0.0328864
0.16601
0.0540859
0.886637
0.514751
0.421126
0.711309
0.113474
0.613812
0.293129
0.176709
0.902962
0.525839
1.00127
0.190746
0.0328852
0.722778
0.0859809
0.249138
1.18192
0.715198
0.0591532
0.250935
0.252505
0.364995
0.544716
0.168664
0.705479
0.392647
0.584901
1.04364
1.20819
0.532512
0.23572
0.0256575
0.962122
0.239854
0.585317
1.75792
0.216388
0.432652
0.297884
0.668913
0.334828
0.744796
0.320562
0.0140599
0.414963
0.637567
0.208979
0.109207
0.876348
0.547053
0.134142
0.213811
0.405113
0.963842
0.236884
1.06512
2.00107
0.672943
0.418395
2.59642
0.408705
0.264275
0.183105
0.550616
0.0369181
0.685285
0.010397
0.467875
0.0482973
0.763156
1.02479
0.546015
0.1645
0.815687
0.550905
0.121531
0.0121573
0.519308
0.227266
0.0114234
1.30971
0.640011
0.545871
0.0252556
0.506079
0.155445
0.109887
0.700829
0.368471
0.180597
0.842139
0.215748
0.576652
0.847702
0.303877
0.384548
0.882388
0.543873
0.0685672
0.105294
0.307987
0.573823
0.313397
0.382035
1.3654
0.387362
0.246597
0.161371
0.966544
0.758092
0.222252
0.114248
0.181658
0.465917
0.629615
0.729363
0.276884
1.01925
0.496091
0.0589881
0.935129
0.769084
0.0647422
0.0462367
0.296957
0.994044
0.602778
0.671774
1.84149
0.408427
0.0404462
0.667749
2.31297
0.075904
0.332208
0.182069
0.560388
0.165328
0.0417432
0.0540452
1.70764
0.986904
1.49693
0.42547
0.406462
0.340797
0.115646
0.159391
0.115614
0.161043
0.562763
0.539001
1.32839
0.135382
0.570856
0.956368
0.356482
0.0192503
0.272792
0.970942
0.974026
0.221719
0.287561
0.731822
0.632971
0.368255
0.576751
0.285219
0.124679
0.88626
0.572152
0.0472386
0.733521
0.067437
0.15655
0.308524
0.759025
0.0319865
0.300164
0.901407
0.724035
0.453924
0.917778
0.468485
0.140421
0.117183
0.101679
0.772637
0.0154547
0.199242
0.341294
1.79607
0.195869
0.334444
0.159263
0.18118
0.0985126
0.580951
0.18985
1.05457
0.797155
0.334066
0.50289
0.071629
0.0946357
0.188801
1.43322
0.600198
0.428648
0.331276
0.156075
0.12678
0.244329
0.296762
0.0684485
0.542797
0.722301
0.696564
0.861869
0.385392
0.553339
0.126945
0.179607
0.550216
0.639057
1.02989
0.0810335
0.992825
0.261793
0.000947979
0.0727197
0.049554
0.0676969
0.0276711
1.05877
0.49301
0.441701
0.546493
0.0541627
0.485204
0.0194968
0.288223
1.79116
0.615166
0.968672
1.41551
0.0215756
0.0150477
1.60863
0.269223
0.167916
0.142467
0.441726
0.624048
0.638169
0.0118729
1.14589
1.39636
0.0727957
0.312265
1.40133
0.19873
0.251962
0.0199695
0.282098
0.885065
0.982542
0.312842
1.2807
1.22855
0.235794
0.0296942
0.727927
0.0520316
0.239763
0.0293823
0.306521
0.587198
0.442383
0.269227
0.815754
0.146293
0.728843
0.41312
0.292109
0.166235
0.0701534
0.489071
0.11322
0.473499
0.793773
0.495066
0.827884
0.0150769
0.95185
0.0933994
0.285466
0.478487
0.362648
0.0214561
0.44504
0.1793
1.11522
0.208815
0.976604
0.076626
0.830991
0.389547
1.94206
0.830643
0.154395
0.0154771
0.737242
0.84101
1.58273
0.492048
0.254048
1.27512
0.264556
0.398538
0.327109
0.191915
0.110002
0.23485
0.401701
1.75277
0.703946
0.293881
0.222019
0.625306
0.170596
0.146274
0.344259
0.416326
0.164411
0.181909
1.20231
0.679018
0.0398066
1.32635
0.608807
1.21801
0.0435679
0.431562
0.89435
0.0804658
0.0252496
0.0435866
0.0596787
0.0634614
1.3989
0.241443
0.04222
2.0501
1.18958
0.12563
0.113934
0.358372
0.988552
0.191457
1.30019
1.28161
0.0645705
0.339704
0.030173
1.43551
0.552162
0.163681
0.0101662
0.431941
0.342287
0.33821
0.269733
0.0584396
0.391433
0.155949
0.30968
0.826238
0.658999
0.041074
0.685212
0.994361
0.45212
0.115595
0.950897
0.0169283
2.34959
0.106414
0.178155
0.365571
0.276775
0.691772
0.221995
0.394613
0.302158
0.531914
0.0994836
0.0955036
0.580733
0.0508423
0.772699
0.867184
1.08192
2.85276
0.258576
0.00866204
0.523271
0.817326
0.497066
0.929417
0.11053
0.148302
1.60242
0.511893
0.707119
0.4601
0.0744521
0.250054
0.00740568
0.80745
1.03433
0.218323
0.11103
0.108048
0.239646
0.240113
0.128625
0.0725096
0.160182
0.342471
0.310824
0.0470044
0.183676
0.0840799
0.411283
0.628068
0.298324
0.686616
1.17242
0.253202
0.832265
0.819045
0.0754041
0.717013
1.21492
0.290891
0.181525
0.524818
0.782672
0.335579
0.0235
0.0365423
0.309886
1.06432
0.287449
0.472152
0.120373
0.657708
1.07477
0.875885
0.144488
0.52016
0.492944
0.0469018
0.0985756
0.686846
0.207242
0.268695
0.91426
1.21553
0.188132
0.697407
1.8898
0.682713
0.686428
0.135989
0.153695
0.698414
0.479261
1.36274
0.0848966
0.141833
0.525882
0.366492
0.0527268
0.31055
1.12204
0.304218
0.435511
0.2531
0.226281
0.066484
0.366354
1.00286
0.182869
0.280035
0.346128
0.161859
0.384368
0.229833
0.221626
0.4922
0.239831
0.0394828
0.460007
0.118945
0.621442
0.888537
0.097176
0.414303
0.423603
0.384686
0.042735
0.0482872
1.1253
0.0918987
0.19403
1.64305
0.864232
0.57829
0.610857
0.568407
0.0585221
1.28173
2.31445
1.10579
0.0702894
1.40522
1.0109
1.25901
1.7341
0.209657
0.172425
0.349266
0.0584108
0.0394458
0.533357
0.149135
0.127617
0.10177
0.184828
0.224143
0.397792
0.0201609
1.23736
1.50575
0.211556
0.382591
0.0889788
0.681756
1.90156
0.708999
0.184636
0.236649
0.0332468
0.480399
0.0383593
1.59762
0.1309
1.54216
0.238496
0.215619
1.53392
0.467139
0.27623
0.532414
0.00234152
1.59722
0.475891
0.283817
1.93972
0.292846
0.861446
0.0727509
0.278124
0.370094
0.351505
0.143074
0.0353775
0.511158
0.0864447
0.555013
0.474464
0.495453
0.475807
0.787383
0.549301
0.0537389
0.570651
0.831361
0.132214
0.181069
0.5014
0.685615
0.182831
1.34991
0.0215377
0.595485
0.035521
0.283668
0.296597
0.778441
0.0904188
0.144865
0.234994
0.233617
0.439691
0.423709
0.110461
1.21493
0.496835
0.00152263
0.211437
0.055248
0.328846
0.70659
0.211201
0.64897
0.977651
0.73695
0.12414
0.573236
0.154399
0.193753
0.648718
0.76291
0.210846
0.443828
1.32955
0.671407
0.820703
0.608438
0.496459
1.04752
0.321071
0.702595
0.0686533
0.0329793
1.15572
0.154311
0.920536
0.227296
0.0510349
0.516116
0.147679
1.20724
0.913519
0.0511784
0.639473
0.326496
0.0429261
0.365589
0.461873
0.187991
1.61214
0.907952
0.149209
0.503657
1.07188
0.210294
0.232777
0.253558
0.125291
0.326226
0.070972
0.683591
0.0511791
0.453815
0.678292
0.593105
0.704386
0.103596
0.766927
0.383446
0.0181858
0.0423244
1.30159
0.29918
0.288039
0.0577383
0.316686
0.956338
0.163267
0.674463
0.136126
1.41577
0.293905
0.102392
0.195914
1.94038
0.136126
0.3156
0.0845249
0.769392
0.85054
1.69401
0.281106
1.47519
0.64839
1.27448
0.236691
0.14694
0.0135439
0.272104
1.03235
0.941658
0.360214
0.203853
1.11497
0.444042
0.380074
0.688778
0.827909
0.0788431
1.09877
0.200236
0.0192574
0.181953
0.212984
0.109748
0.369179
2.39549
0.129444
0.656413
0.414177
0.361584
0.456507
1.02374
0.340014
0.380519
0.403139
0.234546
0.590992
0.1319
0.0488586
0.39235
0.304342
0.129762
0.0498722
1.29134
0.104601
0.582046
1.04654
0.318264
0.311978
0.0876446
0.964882
0.573209
0.264399
0.515074
0.796969
0.114233
1.51336
0.212902
0.0922242
0.257018
0.240644
0.601449
0.0357512
0.256624
0.793656
0.0269039
0.156505
0.0527107
0.94944
0.476411
0.898958
0.513232
0.239589
0.0542113
0.94115
1.01682
0.216042
0.471945
0.643456
0.134334
0.534982
0.110377
0.480241
0.58915
0.155585
0.590214
0.275349
0.0198421
0.116783
0.12548
1.04086
0.144437
1.13232
1.52534
0.1325
0.153844
0.185598
0.406762
0.033425
0.678399
0.355656
1.10843
0.494758
0.175572
2.60438
0.252997
0.205947
0.584162
0.26695
0.640411
0.884494
0.34542
0.0584808
0.0298037
0.0632573
0.699138
0.00899179
0.589995
0.2193
0.0169206
0.247719
0.172474
0.547588
0.395685
1.10967
0.245416
0.448756
0.550214
0.355444
0.455124
0.499818
0.295388
0.882105
0.025383
0.219202
0.443849
0.0783024
0.384288
0.499285
0.258344
1.21682
1.08176
0.294998
0.122601
0.0244867
0.0212828
0.803499
0.715762
0.424646
0.240137
0.124966
0.009633
0.051024
0.658532
0.218908
0.0306584
0.528939
0.481745
0.08342
0.190463
0.226517
0.127337
0.0883674
0.969263
0.317804
0.431604
0.248925
0.0535242
0.0995414
0.296307
0.1754
0.380148
1.06903
0.309453
0.197984
0.944466
0.105775
1.49865
0.460403
0.0577124
0.208627
2.92309
0.0813617
0.199881
0.27546
0.123837
0.150395
0.0303469
1.66726
0.707325
0.271841
0.271493
0.215605
2.26814
0.212675
0.0617969
0.450396
0.313335
0.483933
1.24131
1.47621
0.405027
0.25259
0.049738
0.974874
0.189683
0.65091
0.215113
0.717604
0.0436813
1.70909
0.590208
0.133474
0.163303
0.737236
0.792024
1.73967
1.32329
0.110345
0.188397
0.0600634
0.269913
0.250375
0.574381
0.288495
1.4258
0.236709
1.02748
0.979108
0.111462
0.269774
0.477576
0.794289
0.768983
0.346986
0.470564
1.04157
0.832162
0.256872
0.0976464
0.33131
0.139501
0.90346
1.1855
0.542446
0.311094
0.119999
0.689733
0.886332
0.384686
0.331106
0.0493864
1.073
0.623341
0.433888
0.188338
0.0534507
0.50262
1.44837
0.155176
0.277914
0.733258
0.540923
0.164794
0.422679
0.415433
0.559596
0.0512944
0.316457
0.829772
0.461159
0.170488
0.435291
0.654797
0.524406
0.516901
0.381626
0.170999
0.0554449
0.0106375
0.465923
0.12332
1.37369
0.0926316
0.409557
0.148389
2.05995
0.00971608
0.186889
0.0613586
0.1377
1.46629
1.56639
0.543052
0.659153
0.341646
0.484786
0.851346
0.329722
0.0402872
0.560658
0.564062
0.0436068
0.0760191
0.744161
0.211209
0.215892
0.17911
0.151224
2.71947
0.427637
1.45804
0.249761
0.525199
1.01546
0.826552
1.31072
0.0883964
0.0564278
0.00336324
0.391035
1.38935
1.56975
0.0280311
0.468909
1.0085
0.355519
0.206671
0.79067
1.77569
2.54182
0.420495
0.013436
0.159975
0.0527627
0.585801
0.168641
0.244658
0.239315
0.737769
0.699904
0.193543
0.146115
0.219188
0.778949
0.00352032
0.0525762
0.761073
0.159178
0.021419
1.54296
2.04727
0.728472
0.0818881
0.167351
0.134211
0.0221599
1.02661
0.23147
0.251472
0.288393
1.50333
0.743377
0.0480113
0.411124
1.66965
0.259518
0.251251
0.917357
0.537732
0.567928
0.298623
0.27264
0.349443
0.155431
0.433132
1.11605
1.67563
1.45371
0.222472
0.238616
0.00506108
0.0154176
0.0843642
0.304967
0.183246
1.23411
0.503508
0.272819
0.546345
0.108616
0.684468
0.255665
0.100248
1.09821
0.546965
0.835017
0.474516
0.145742
0.118184
0.537681
0.308864
0.583335
0.13076
0.0951107
0.163631
0.141905
0.300523
0.178564
0.60275
0.125132
0.184901
0.381841
0.56908
0.206413
0.130407
0.439589
0.303961
0.0203734
1.13009
0.255954
0.663003
0.22481
1.81725
0.01413
0.445695
1.17777
0.829048
0.845326
0.435828
0.252571
0.453166
0.312434
0.450009
0.216254
0.354829
0.27277
1.0988
0.193998
0.18154
0.0585846
1.09674
0.140359
1.15949
0.367575
0.0890495
0.240802
0.267518
0.488469
0.0797541
0.215545
0.0893296
0.0776437
0.0357601
0.694902
0.0864179
0.092579
0.460567
1.10185
0.391468
0.0563519
0.663043
0.0477955
0.353455
0.327249
0.22138
0.0565612
0.097667
0.0386415
0.0363402
0.0634275
1.73434
1.26451
0.611117
0.891418
1.18507
0.490106
0.0391508
0.0902688
0.268259
0.395646
0.28449
0.0190334
0.0432184
0.185667
0.0850214
0.672995
1.08317
0.0945643
0.0771199
0.261962
0.243925
0.637701
0.285017
0.0472588
0.256121
0.279434
0.404063
1.14438
0.501059
0.392436
0.0314036
0.732029
0.751612
0.877834
0.875177
0.177306
0.449192
0.499033
0.376709
0.106864
0.290571
0.872076
1.0039
0.78787
0.799841
0.031108
2.11678
0.116198
0.133384
1.07426
0.508901
0.374731
0.221216
0.106236
0.393349
0.520292
0.133234
0.379236
0.331019
0.0911263
0.731829
0.671959
0.458748
1.1475
0.413268
0.281212
0.279276
0.309751
0.655127
0.874952
0.0737224
0.315371
0.109722
0.284195
0.339837
0.827359
1.5405
0.0274225
0.0227158
0.380743
0.774227
0.526506
0.00713653
0.839644
1.91943
0.40567
0.279608
0.362744
0.312145
0.358897
1.47351
0.958545
1.95826
0.0367158
1.29989
0.510408
0.531571
0.8715
0.10254
0.507961
0.443819
2.5932
0.0062733
0.340756
1.10911
0.925826
1.01138
0.748587
0.592513
0.299302
0.193663
0.452435
0.493359
0.195541
0.597442
0.202691
0.154712
0.213968
1.49217
1.5056
0.0251312
0.450337
0.141026
0.254337
0.0877074
0.297166
0.747593
0.483172
1.0918
0.472042
0.160508
0.515547
1.37882
0.272591
0.73373
0.161674
0.130895
0.0135554
0.0206683
1.084
0.545803
1.21291
0.181306
0.744037
0.204695
0.141922
0.472885
0.529049
0.677562
0.463328
0.317726
0.611894
0.294174
0.344246
0.0989545
0.682976
0.612987
0.165526
0.245916
1.70119
0.448693
1.08085
0.231752
0.788872
0.022869
1.10138
0.367308
0.191025
0.273673
0.305702
0.411537
0.883545
0.00405227
0.453201
1.98103
1.47453
2.66319
0.157665
0.101919
0.913022
0.27629
0.976586
0.964958
0.0174865
0.468158
0.297066
0.025355
0.203175
0.356747
0.329321
0.34914
0.186022
0.459857
0.140204
0.526829
1.18655
0.572449
0.58135
1.05615
0.486762
0.0942894
0.0569716
0.327717
0.801554
0.231633
0.0900441
0.921292
0.340977
0.103663
0.674979
0.208012
0.305901
0.898246
0.0787841
0.313607
0.587642
2.88164
0.0910722
0.534279
0.0562667
1.71354
0.307894
0.220216
0.756851
0.14157
0.773778
0.781056
0.176955
0.0628134
0.456376
1.59476
0.592493
0.583124
0.298714
0.215705
0.331375
1.13281
0.75264
1.03381
0.173841
2.50011
0.352659
0.352692
0.429061
2.2789
0.00121147
0.0916113
1.32052
0.418992
1.04483
0.179251
0.350494
1.79553
0.0660318
0.582049
0.00216945
0.223331
0.059262
1.66565
0.765571
0.065101
1.1952
0.232817
0.384884
0.565733
0.305611
0.124623
0.0411113
0.130501
0.0501173
0.415359
0.644104
2.84652
1.22615
0.467398
0.711232
0.264138
0.31005
0.194461
0.349313
0.751271
0.178082
0.768212
0.315423
1.2618
1.08178
0.663988
0.059074
0.159807
0.18878
0.945618
0.572253
1.67192
0.257143
0.132967
0.532035
0.212982
0.461271
0.513903
0.159146
0.361838
0.162447
1.16563
0.547915
0.163443
0.834019
0.0361717
0.038574
0.0618586
0.031632
0.787993
0.548214
0.438252
0.53875
0.261944
0.28974
0.609123
0.52961
0.13528
0.656815
0.858125
2.5665
0.4836
0.82053
0.267511
0.227304
0.0849041
0.0263431
0.258609
0.972505
0.549062
0.149101
0.252881
2.09032
0.236778
0.342509
0.27438
0.395406
0.853664
0.0462174
0.493282
0.899424
1.4477
0.0943232
0.292825
0.566526
1.77272
0.224141
0.636023
0.91207
0.282162
2.41186
0.200305
0.142171
1.52769
0.322551
0.675305
0.437148
0.145121
0.131521
0.0282504
0.594548
0.926824
0.647169
0.0099848
0.23617
1.86339
0.0496152
0.354771
1.71123
0.164322
1.00749
1.63984
0.190782
0.509026
0.161636
0.187182
0.431658
0.744761
0.559334
0.989578
0.216963
0.029002
0.37043
0.506312
0.558033
0.0122373
0.351127
0.626445
0.206968
0.0727108
0.110145
0.00365904
0.0467013
0.127121
1.01101
0.014588
0.0600899
0.103798
0.916577
0.0628924
0.273632
0.239277
1.8657
0.511113
0.393058
0.136882
0.656467
0.523677
0.0435075
0.484367
0.19089
0.370683
0.461714
0.21585
0.301332
0.0373254
0.228428
0.356305
0.1182
0.462515
0.273081
1.25721
0.303407
0.315088
0.357387
0.223006
0.234358
0.419323
0.219383
3.66482
0.473369
0.204713
0.705076
0.392663
0.329879
0.57332
0.026197
0.470765
0.78206
0.263574
0.267815
0.82641
0.663093
0.459285
0.347991
0.0270834
0.264603
0.315001
1.32015
0.43882
0.264055
0.0975932
0.0592514
0.122484
0.00312848
0.077247
1.34968
0.178784
0.288053
0.165227
0.719527
1.15162
0.776529
0.678265
0.192222
0.599298
1.53713
0.46737
1.02853
0.0605248
0.117591
0.0268739
0.175648
0.0752609
1.00782
0.334221
0.305897
0.25543
0.372878
0.0844363
0.303529
1.28795
0.272085
0.614138
0.109974
0.0768838
0.220032
0.138097
0.883011
0.455293
0.692279
0.188896
0.342495
1.05441
0.143172
0.272444
1.58357
0.156055
0.303875
0.28452
0.392336
0.475342
0.138264
0.380557
1.4964
1.23401
0.084869
0.0407732
0.240887
0.0706161
0.277724
1.72216
0.392293
0.610549
0.0280883
1.62945
1.65021
0.184082
0.35469
0.316636
0.0938313
0.179698
0.347474
0.186742
0.120688
0.274545
0.232222
1.50182
0.0103772
0.0988355
0.403306
0.574093
0.0528095
0.32061
0.511321
0.184894
0.051851
1.37118
0.391115
0.729229
0.577385
0.332344
0.138249
0.135386
0.172929
0.462193
0.500525
0.117754
0.107878
0.878079
1.70104
0.0168814
0.282623
1.65553
0.241598
0.270047
0.0411996
0.367787
0.0181503
0.268764
0.219033
0.977188
0.188839
0.233056
0.0401468
0.405291
0.538627
0.205857
1.67071
0.34838
0.315813
0.29874
0.161577
0.11147
0.457822
0.790018
0.177227
0.79054
1.74044
0.125443
0.0964782
0.187758
0.664556
0.510959
0.438742
0.502393
0.443021
0.161028
0.693039
0.540694
0.485866
0.254011
0.183702
0.130538
0.182491
0.0123404
0.356156
0.127136
0.0274912
0.0391417
0.158106
0.267214
1.03814
0.367026
0.417343
0.35952
0.498664
1.79183
0.539622
1.53532
0.239561
0.155078
0.58982
1.05975
0.191471
0.34449
0.0532146
0.994959
0.820548
0.0157694
0.244394
0.891387
0.00278625
1.96543
0.649747
0.637057
0.448896
0.53276
1.34584
0.209372
0.0395357
0.326859
0.137792
1.80999
0.113223
1.02849
0.312538
0.0890482
1.65837
0.46195
1.83102
0.148367
0.576384
0.0608339
0.0153335
0.0753997
0.634024
0.187895
1.53786
0.607961
0.130375
0.198912
0.523859
0.368188
0.420538
0.679303
1.62676
0.147637
0.677202
0.773
0.239318
0.159124
0.327585
0.00383103
0.453026
1.98211
0.251151
1.15976
0.240547
0.246065
0.648182
0.0091735
0.207556
0.239117
0.108968
0.0175454
1.81514
0.11621
0.290828
0.173171
0.479171
0.60876
0.399083
0.187432
0.600215
0.632634
0.104381
0.731806
0.971163
0.151583
0.857518
0.288471
0.247448
1.05701
0.368992
0.478376
0.409968
0.667783
1.10976
0.348239
0.129816
1.31992
0.397944
0.0258442
0.217867
0.346213
0.65896
0.796862
0.823125
0.592555
0.336373
0.0779831
0.0317474
1.23568
1.59061
0.493831
0.108626
1.20334
0.14
0.510402
0.719092
0.544679
0.249707
0.0685404
2.67519
0.37225
1.53359
0.71757
0.95967
0.0220663
0.502651
0.0352719
0.267623
0.00998895
0.408508
0.0156737
0.0596993
0.171779
0.46967
0.553659
0.191447
0.627263
0.229017
0.0384043
0.714997
1.10511
0.0787242
0.271317
0.176493
0.0445875
0.477737
0.288338
0.372216
1.0924
0.376161
1.04646
0.65835
0.0383217
0.014616
0.257629
0.604552
0.111047
0.0331093
0.341191
0.945881
0.256959
0.243623
0.787113
0.12138
1.32202
0.515866
0.275416
0.780132
1.06864
0.0409803
0.779973
0.581004
0.567002
0.181015
0.199596
0.551177
0.659542
0.571395
0.684649
0.339339
0.979541
0.782913
0.113625
0.504
1.0942
0.349152
2.64133
0.872127
0.00301479
0.0658337
0.0965642
1.44261
0.186719
0.0863456
0.549135
0.712519
0.0474702
0.0822638
0.19851
0.0037104
0.1849
0.0685722
0.344381
0.188469
0.884971
0.0664244
0.351454
0.312223
0.918762
0.191781
0.516551
0.359597
0.00214856
0.143024
0.0682373
0.136862
0.891172
0.494873
0.342649
0.296897
0.724669
0.145829
0.00337735
0.468579
0.335546
0.352575
0.33248
0.210189
1.50945
1.49579
0.082382
0.149017
0.470442
0.36515
1.17888
0.476042
0.252757
0.800874
0.444891
0.214678
1.13345
1.19585
0.629994
1.35502
0.143188
0.314587
0.0926878
0.434559
0.155472
0.0869788
0.225049
0.173067
0.162195
0.250781
0.23981
0.145408
0.093925
0.407339
0.436162
0.0325232
0.102655
0.219063
0.0905347
0.195925
1.13616
0.70168
0.124314
0.0303569
1.31945
0.00890959
0.649345
0.327395
1.09835
0.199254
0.022718
0.460161
0.00929218
0.359037
0.213363
0.107655
0.0302605
0.215528
0.400794
0.435079
0.922128
2.26429
0.107764
0.771564
0.0508138
1.42196
0.771481
0.362972
1.77638
0.100753
0.0743904
0.33868
0.764853
0.913164
0.0802092
0.48608
0.324285
1.81135
0.415266
0.366129
0.18313
1.59363
0.117126
1.00427
0.136651
1.51242
0.0999515
0.0602592
0.42149
1.55504
0.367755
0.01848
0.151429
1.91682
0.916215
0.485019
0.3503
0.772584
0.28289
0.810809
2.06271
0.692968
0.207135
0.396463
0.24204
0.162074
1.13985
0.746322
0.448958
0.220506
0.13939
0.492216
0.0742023
0.564831
0.173388
0.425659
0.205037
0.951849
0.588546
1.04233
0.542638
0.129357
0.128333
1.06644
0.903705
0.814609
0.120266
0.547066
0.0700632
0.641668
0.215597
0.364582
0.253371
1.02944
0.386453
0.7464
0.185242
0.0376966
0.095986
0.339163
0.197255
0.222292
0.263161
0.308659
1.02417
0.993142
1.05393
0.0369108
0.134522
0.748346
0.253299
0.362342
0.60272
1.27185
0.0674031
0.912279
0.227708
0.260764
0.617863
0.200492
0.121676
1.05301
1.03572
0.715029
1.10079
1.01003
0.0025633
1.61093
0.563627
0.651289
0.102758
0.140439
0.129545
0.558015
0.116429
0.10169
0.340213
0.251059
0.0246922
0.116225
0.226116
0.791133
0.190818
0.418708
0.396703
0.171856
0.0969916
0.0701073
0.0827483
0.129562
0.12473
0.373083
0.344306
1.06582
0.897965
0.0683712
0.503621
0.400534
0.355097
0.244943
0.0498212
0.143369
0.510207
0.00321018
0.214768
0.334654
0.166074
0.303275
0.340669
0.527671
0.241114
0.200554
0.51964
0.319533
1.78517
0.0344432
0.418341
0.0465474
0.901908
0.326769
2.84608
0.117933
0.0780273
0.542311
0.120821
0.992244
0.413985
0.632504
0.185308
0.137024
0.192259
0.924278
0.569702
0.074738
0.677661
0.143362
0.138265
0.343313
0.75293
0.284513
0.986399
0.36028
1.67165
0.16898
0.354242
1.0435
0.238962
0.397812
0.485486
0.423204
0.0301453
0.0577209
0.111057
0.789739
0.233471
0.523698
0.0549562
0.297879
1.12128
0.0684184
0.0471875
0.691969
0.114941
0.471526
0.0228475
0.256365
0.111954
1.46124
1.54291
1.10618
0.207134
0.760712
0.0431695
0.221393
0.236528
0.276267
1.04132
0.423539
0.0320669
0.0248913
0.0386385
0.336136
0.180981
0.676307
0.410227
1.26426
0.180174
1.14001
0.259793
0.736357
0.0857028
0.304381
0.526809
0.253043
0.287934
0.323725
0.180116
0.388825
0.125565
0.42122
0.0197076
0.223305
0.057947
0.536348
0.0800314
0.0332413
0.601618
0.448438
0.095511
0.490456
0.018905
0.053591
0.779079
0.052217
0.375102
0.456857
0.239372
0.0157631
0.87437
0.19067
0.968503
0.304902
0.103142
0.177516
0.0925286
3.64514
0.768298
0.647217
0.0339289
0.409731
0.359895
0.0481841
0.394199
0.0512586
0.664352
0.642722
0.392133
0.00550605
0.3636
0.0729786
0.200045
0.463372
0.868778
0.680125
0.0693444
0.0840622
0.104105
0.259622
0.310181
0.0354032
0.206938
0.191367
0.592478
0.503066
0.186759
0.704822
0.191985
1.02527
0.36395
0.0773275
0.29767
1.65352
0.165222
2.15115
0.0131453
0.78997
0.222558
0.0739075
0.149946
0.0405099
1.19996
1.17161
0.731924
0.427106
0.293128
0.354512
1.5946
1.19215
0.137718
0.240281
0.0550787
0.319562
0.665584
0.832826
0.538083
1.36361
0.228707
0.274594
0.162833
0.887649
0.258152
0.00699032
0.0331686
0.703285
0.132919
0.127957
0.378604
0.512499
0.493621
0.411419
0.762973
0.515236
0.307948
0.140342
0.269207
0.0539797
0.26757
0.282387
0.509814
0.0605163
0.0779945
0.144511
0.0577802
0.102101
0.264491
0.114535
2.22027
0.332
0.574168
0.253797
0.637797
0.107775
0.623962
0.066162
0.0128739
0.289078
0.430596
0.166015
0.471446
0.200449
0.574325
0.0832166
0.0540688
0.441144
0.143797
0.0025657
0.598593
0.146959
0.705634
0.0247667
0.0177055
0.0138256
0.965012
0.135408
0.748782
0.522377
0.149437
0.264432
0.272635
1.2335
0.0483361
0.16425
0.867544
0.749749
0.121886
0.707839
1.46345
0.00977544
0.0094601
0.0689867
0.189661
0.0269757
0.0938477
0.428449
0.612696
0.168118
0.988512
0.380908
0.388502
0.454438
2.23319
0.250678
0.355883
0.256065
0.884135
0.0318627
1.18727
0.810673
0.559674
0.914059
0.107327
0.218396
1.31025
0.0905862
0.151937
1.12942
0.101053
0.600337
1.40572
3.5915
0.724558
0.135575
0.109928
0.346259
0.135417
2.17339
0.436935
0.484453
0.236655
0.562738
0.230069
0.109417
0.0702665
0.00195722
1.29166
0.335303
0.0128237
1.47724
0.811093
0.0469539
0.399613
0.254828
0.0233084
0.280522
0.00951431
0.528496
0.118796
0.229104
0.240472
0.134243
0.48169
0.241863
0.372066
0.435023
0.182921
0.992266
0.371307
0.0248612
0.124494
1.73321
0.237447
0.759556
0.0576586
0.482976
0.608029
1.21895
0.517687
0.0229209
1.14665
0.481357
0.152705
0.300317
0.167253
0.348679
0.121464
0.1581
0.602299
0.912116
0.214109
0.354491
0.0428725
0.0820562
0.050787
0.562794
0.349362
0.501524
0.107561
0.896021
0.0977131
1.26289
0.467117
0.118506
1.4728
0.59705
0.103353
1.34175
0.644926
0.534294
0.381142
0.195395
0.262082
0.174722
0.444538
0.199206
0.732709
0.0293852
0.291089
0.355081
0.810988
0.19393
0.943742
0.0720523
0.028018
0.656405
2.15614
1.05654
0.261345
0.227628
1.19955
0.461843
0.921628
0.151674
0.131827
0.646336
0.54934
0.737745
0.375355
0.602925
0.627621
0.156996
1.53763
0.0404511
0.00467653
0.603891
0.436633
0.544376
0.254166
0.322246
1.62512
0.156953
0.537157
0.110518
0.245166
0.412261
0.419313
0.714448
0.257536
0.344721
0.293806
0.144619
0.00256211
0.992162
0.540836
0.132695
0.0427101
0.247822
0.480271
0.950563
0.408557
2.39584
0.590777
0.169165
0.731748
0.413425
0.539401
0.0302722
0.391671
1.13324
0.0356186
0.547507
0.360435
0.101342
0.0525948
0.0348902
0.075916
0.468581
0.248121
0.37177
1.57404
0.385417
0.194796
0.152089
0.378711
0.815762
0.164331
0.341513
0.519162
0.440708
0.241235
0.166926
0.113709
0.232394
0.0988897
0.680718
0.20891
0.379264
0.850106
0.0483258
0.158495
1.74503
0.0945954
0.0196915
0.205402
0.238256
0.307023
0.0134589
0.767065
0.444294
0.792049
0.826716
0.722549
0.345767
0.142287
1.02861
0.0194035
0.0632184
0.927082
0.116113
1.21803
0.10512
0.021975
1.24827
1.10138
1.18915
0.106861
0.0967522
0.383973
0.135922
0.287466
0.0109984
0.0360591
0.195362
0.466101
0.351486
0.0923444
0.332407
0.418729
0.559039
0.341076
0.193149
0.397206
1.14027
0.287077
0.246248
1.3115
0.0272874
0.429881
3.24045
2.66632
0.0155666
0.231018
0.435467
0.100449
0.053231
0.390727
0.0901745
0.146014
0.481458
0.626794
0.286605
1.92006
0.424339
0.668647
1.15438
0.721239
0.322295
0.142618
0.500036
0.707565
0.0550823
1.46098
0.0637247
1.26266
0.429968
0.045962
0.618666
0.420275
0.163005
0.599412
0.0717951
1.06486
0.0666529
0.00275829
0.510153
1.06536
0.569731
0.442611
0.117921
0.239113
0.465152
0.676103
0.239424
0.252098
1.6673
0.428814
0.0766198
0.387114
0.978444
0.187878
0.295822
0.985948
1.25062
0.189814
0.81313
0.571579
0.0704656
0.200924
0.313085
1.05025
0.366106
0.302588
0.629237
0.078099
0.0811377
0.185135
0.679416
0.639579
0.00136474
1.49847
0.471591
0.0486311
0.0955395
1.94009
0.869388
0.0804146
1.28008
0.243718
2.24786
0.197415
0.0336097
0.460151
0.030338
0.117568
0.119129
0.163261
0.580573
0.0528214
0.21266
0.163714
0.0873409
0.0323891
0.143268
0.24985
0.287401
1.33243
0.154446
0.155924
0.736409
0.772958
1.24852
0.0293324
0.282171
0.264326
0.975358
0.17263
0.0109442
0.106927
0.551302
0.315483
1.07038
0.0110931
0.00269722
0.958654
0.0512825
0.505298
0.438612
0.00535632
0.442341
1.46933
0.354131
0.395239
0.800761
0.88743
0.291522
0.419711
0.335537
1.07596
0.0717814
0.23129
0.0539323
0.536761
0.73901
0.895887
0.137321
0.960472
0.588429
0.0212254
0.647769
2.10867
1.29259
0.487445
0.722737
0.00945489
0.0472497
0.181002
0.587797
0.319722
0.0707834
0.103874
0.859009
0.338163
0.254899
0.140519
1.07538
0.244719
0.420081
0.376031
0.412391
0.0800678
1.21762
0.464763
0.477727
0.269919
0.265948
0.610927
0.0540462
0.29092
0.118926
0.0485326
0.106683
0.329964
1.22973
0.0820802
0.0398694
0.118874
0.129881
0.592048
0.316949
0.399279
0.301768
2.14461
0.113787
0.348633
0.182891
2.26502
0.271253
0.290707
0.46
0.197118
0.941672
0.229712
0.152516
0.308257
0.585968
0.520239
0.104125
0.456415
0.439503
0.589753
0.301734
0.824284
0.0952168
0.0776904
0.223245
0.965046
0.712139
2.70937
0.890473
0.15126
0.410825
0.112836
0.518144
0.0418206
0.0266673
0.143217
0.00760319
1.10906
1.20131
0.110147
0.00746609
0.357132
0.0195655
0.584261
0.211774
1.28585
0.11476
0.279617
1.45869
1.39778
0.701886
0.493762
1.50269
0.0258847
1.286
1.28866
0.331181
0.0169144
0.147108
0.153726
0.825934
0.679694
0.450382
0.149985
0.182725
0.521823
0.10115
0.348535
0.830046
0.416778
0.221514
0.227518
0.758355
0.07128
0.19601
0.704688
0.856497
0.330836
0.386779
0.211206
0.0172178
0.526972
0.0969189
0.726379
0.671329
0.101801
0.109621
0.1648
0.00485742
0.334847
0.351949
0.267189
0.421954
0.238315
0.597523
0.0280924
0.380286
0.225146
1.22141
0.37819
0.323544
0.0663711
0.156796
0.0816038
0.232126
0.682943
0.253724
0.621108
0.934469
0.0695887
0.422068
0.323847
0.177505
0.088873
1.24787
0.0676134
0.218605
0.0372795
0.142006
0.0940988
0.0865501
0.366022
1.49568
0.205476
0.013371
1.18831
0.347997
0.271676
1.28497
0.257342
0.0296863
0.0546504
0.177633
0.100282
0.520883
0.150776
0.712494
0.252282
0.299049
0.112259
0.0441327
0.214516
0.567544
0.261664
0.0468299
0.254438
0.39377
0.130581
0.890164
0.0401806
0.881047
0.0273099
0.531579
1.3198
0.379799
0.280389
0.442662
0.415615
0.0716853
0.578489
0.429015
0.29043
1.36058
0.338186
0.0329799
0.951547
2.67121
1.16094
0.270655
0.508506
0.0944327
0.230638
0.594724
0.0697979
0.678284
0.123039
0.145928
0.767619
0.0666391
0.0495522
0.609753
0.032649
0.108245
1.06634
0.635869
0.00823401
0.588834
0.440058
0.0892219
0.0473811
0.126595
0.579867
0.0455375
0.532493
0.222101
0.310954
0.028623
0.682154
0.191102
0.762591
0.192932
0.369012
0.704488
0.987735
0.207161
1.61903
0.0758914
0.337913
0.0739822
0.141399
0.126117
0.137641
0.00539362
0.249383
0.0520622
0.0612726
0.0397583
0.437115
0.232488
0.111021
0.0900261
0.642162
1.15242
0.698277
0.405813
0.637979
0.521938
0.169879
0.0305018
1.87508
0.0626686
0.0574041
1.38671
0.454315
1.11248
0.859452
0.0964291
0.885233
0.699003
0.184665
0.44545
0.117684
1.18566
0.580621
0.166522
1.33031
0.794945
0.619954
1.47263
1.33032
0.00614924
0.0903581
0.347899
0.112195
0.785498
0.631374
0.432297
0.840244
0.479702
0.665687
0.223286
0.0866897
0.255418
0.442916
0.139476
1.23289
0.74103
1.11334
1.00043
0.127928
1.57825
0.145992
1.58138
0.459336
0.675594
1.53709
0.408436
0.0192333
0.0202786
0.0668079
0.0288068
0.973434
0.406085
1.05363
0.43786
0.718092
0.0144285
1.21175
0.146565
0.469981
0.438428
0.0400381
0.679154
0.261385
0.552191
0.278019
0.619678
0.0140211
0.0463913
0.124992
0.418479
0.0732561
0.500641
0.260025
0.0466201
0.931328
0.789522
0.0314193
0.232193
0.432586
0.0436271
0.18928
0.489219
0.549641
0.292212
0.132927
0.193197
0.0779991
0.136243
0.0917001
0.0986566
0.166484
0.226229
0.0412623
0.340656
0.202453
1.30782
0.201916
0.186079
2.06932
0.0162615
0.299632
1.42875
0.0255715
0.0863369
0.21471
0.201917
1.01156
0.497919
0.373796
0.705648
1.24938
0.573698
0.670954
0.235139
0.0860078
0.477381
0.490306
0.066381
0.44162
0.399109
0.85286
0.300329
0.358905
0.16033
0.00706127
0.253237
0.0255529
0.567729
0.358602
0.364453
0.204415
0.17392
0.648521
0.0819927
1.5556
0.266491
0.0898863
0.381708
0.0505642
0.191349
0.232338
0.143318
1.23862
0.0465054
0.21651
0.378718
0.500855
0.360491
1.46307
1.16822
0.87659
0.449378
0.592938
0.553303
0.318148
0.0699235
0.523967
0.670921
0.0942605
1.31863
0.558198
0.180515
0.0716503
0.0337369
0.589835
0.960536
0.207836
0.747964
0.284802
0.021259
0.303242
0.275077
0.0611338
1.08189
1.39436
0.0295808
0.471946
0.842135
1.10874
0.0422098
0.449359
0.0356634
0.0545458
0.341768
0.0689201
1.32742
0.903429
0.144062
0.147552
0.180165
0.831983
0.0988482
0.010772
0.0756183
1.31683
0.0191887
0.340539
0.117618
0.107393
0.0674652
0.138007
0.609305
0.230697
0.00540294
0.747925
0.110853
0.943952
0.92263
0.321981
0.297502
0.133735
0.708015
0.307609
0.378294
0.0839345
1.09032
1.53198
0.888756
0.76139
0.297763
0.460112
0.235282
0.435297
0.286659
0.153479
0.00084567
0.735758
0.258534
0.744472
1.05627
0.00101834
0.921552
0.090987
1.01329
0.728243
0.524052
1.0411
0.128035
0.00415335
0.109454
0.255018
0.0845785
0.310929
0.33164
1.40794
0.599307
0.123323
1.13167
0.34692
0.317343
2.12926
0.0217576
1.58269
0.674129
0.453201
0.112643
0.470952
0.223307
0.118209
0.959701
0.567817
0.0116354
0.704931
0.809749
0.172833
0.240409
0.0370946
0.258569
0.28194
0.348359
0.16485
0.234843
0.209602
0.0862269
1.05291
0.609595
1.32923
0.329518
0.0171659
0.082724
0.458974
0.293814
0.488623
0.9445
0.0488975
0.576983
0.315947
0.328177
0.72268
0.104189
0.178242
0.430948
0.954882
0.179079
1.4294
0.243812
0.112069
0.448778
0.118441
0.91792
1.64921
0.031449
0.0158567
0.0703054
0.7143
0.09904
0.164169
0.221135
0.864185
0.17433
0.912482
0.766219
0.443277
0.957309
0.230827
0.101491
0.162561
2.44879
0.186695
0.751106
1.36714
1.58549
0.445407
0.157328
0.288117
1.03101
0.399337
0.319915
1.83395
0.213784
0.468797
0.0138123
0.338301
0.28852
0.0643506
0.634378
0.471632
0.29164
1.75279
1.08584
0.360355
0.0216791
0.232155
0.272327
0.173633
0.172961
0.256727
0.994909
0.164192
1.48614
0.672017
0.0500856
0.882712
0.515271
0.0698107
0.0642368
0.0427108
0.255312
0.0347008
0.290205
0.108309
2.72348
0.106713
0.376068
0.38338
0.554623
1.2287
1.11198
0.21513
0.55137
0.689403
0.131228
0.252112
0.0737883
1.01999
0.105254
0.0249951
0.985448
0.249684
0.114008
0.231118
0.207503
0.997087
1.39016
0.528388
0.62978
0.318959
0.858053
1.31101
0.0208873
0.328496
0.0924078
1.43804
0.241718
0.244616
0.265785
0.0609033
0.171751
0.160347
1.17814
1.36847
0.0421963
1.23774
0.897606
0.227637
0.336211
0.0379715
0.639312
0.580402
0.0842724
0.369264
0.0110863
0.191435
0.29788
0.17848
0.184944
0.0606541
0.0808647
0.548077
0.411883
0.48335
0.304872
0.166125
0.018625
0.813756
0.979125
0.0626569
0.140142
0.68999
0.203992
0.415259
0.357869
0.869227
0.257131
0.159973
0.504968
0.849754
0.355441
0.123388
0.0778434
0.386789
0.15979
0.31074
0.502281
0.249412
0.0323256
0.0867972
0.625444
0.271487
0.267812
0.152161
0.0174588
0.181276
0.823231
0.305676
1.27254
0.967482
0.157629
0.836899
0.0477753
0.304723
0.207398
0.520905
1.66503
1.79619
0.966623
0.0656155
0.04082
0.516536
0.0562043
0.0229611
0.045804
0.287318
0.841734
0.248392
0.973673
0.225893
0.313817
0.0293111
0.0839261
0.161277
0.332743
0.187705
0.282603
0.488399
0.699805
0.341256
0.114581
0.575274
1.66811
0.250614
0.365487
0.709684
0.206456
1.0891
0.00954786
0.912598
0.0887652
0.152908
0.0548104
0.138418
0.586444
0.781447
0.569937
0.626465
1.03421
2.07113
0.00328048
0.347326
0.293261
0.0549651
0.0729901
1.10602
0.901983
0.230221
0.294673
0.642014
0.302796
0.241444
0.721142
0.229425
0.779165
0.172062
0.450522
0.558061
1.00413
0.0787813
1.31823
0.237918
0.395936
2.80688
0.0824967
0.351067
0.095117
0.107349
0.39867
0.112581
0.0258313
0.269008
1.14989
0.425962
0.165365
1.24106
0.542332
1.76227
0.285915
0.326712
0.153463
0.141639
0.422797
0.470736
1.87928
0.33756
0.04865
0.278896
1.07558
0.637247
1.60265
0.775853
0.296372
0.0260338
0.657008
0.0654353
0.0902967
0.877424
1.65963
0.338493
0.875638
0.131427
0.291946
0.225805
0.954648
0.951517
0.720896
0.463957
0.134819
0.641574
0.711708
0.109708
0.436648
0.208181
0.152426
0.0901422
0.644016
0.0726471
0.639336
0.130361
0.302212
1.26751
0.0823522
0.565274
0.881383
0.831689
1.38924
1.43231
0.439985
0.0544389
1.79946
0.276386
0.075137
0.504804
0.519531
0.000980276
0.570031
0.0543998
0.0968716
0.765664
0.996502
0.963877
0.754432
0.422751
0.444609
0.522061
0.105413
0.383487
0.242538
1.07048
0.0124914
0.488761
1.01967
0.785276
0.327367
0.0963476
0.874871
0.0615158
1.09805
0.14914
0.217379
0.651466
0.469644
0.130583
0.47946
0.685866
0.713473
0.00387323
0.604107
0.457439
0.180682
0.418457
0.0237892
0.425701
1.71122
0.082712
1.89293
0.188644
0.360506
0.617766
0.905069
0.842494
0.945307
0.0178159
0.111324
0.21967
0.32522
0.079115
0.59454
1.28441
0.824733
0.230184
1.20039
0.453703
0.767391
0.518127
1.09191
0.251633
0.24047
0.405551
0.658205
0.0581656
0.28249
0.418932
0.780068
0.43907
0.176463
2.43162
1.38698
2.04339
1.11915
0.0968755
0.306677
0.360757
0.390117
0.246279
0.00447595
0.0695316
0.100504
1.53171
0.10444
0.586673
0.269837
0.0396325
0.109424
0.053626
1.19163
1.20124
0.0417362
1.23372
0.468326
0.194761
0.0452621
1.16488
0.21116
1.13719
0.454231
0.0506733
0.138545
0.514122
0.0887177
0.802389
0.335749
1.27927
0.0695447
0.0323878
1.5155
0.0595215
0.226251
0.0719953
0.0674323
0.308009
0.411344
0.234607
1.40516
0.570869
0.53313
0.0754559
1.10672
0.715576
0.870651
0.0741382
0.0193787
0.330002
0.437991
0.690949
0.199135
0.0939856
0.319949
0.846642
0.740317
0.0822024
0.921408
0.261799
1.62141
0.288243
0.130495
0.021587
0.27772
0.0693992
0.891561
1.09913
0.212605
0.0147885
0.416582
0.282152
0.0513261
2.0406
0.129592
0.0549851
0.0766741
0.287994
0.143986
0.251264
0.731544
0.626128
0.386972
1.2439
0.0919714
0.348275
1.25768
1.49956
0.225484
0.0375032
0.551226
1.51495
0.317092
0.621149
0.506354
0.382906
0.834647
1.01137
0.325373
0.266125
0.236767
0.372056
0.304697
0.855191
0.0603523
0.167314
0.219958
1.10536
0.425002
0.567246
2.07085
0.365944
0.253126
0.1057
0.731027
0.0971613
0.080779
0.34884
1.4252
0.115164
2.12197
0.30274
0.891376
0.0406015
0.561562
0.130076
0.655061
0.0653815
0.305838
0.145347
1.02
0.128015
0.146617
0.184749
2.16476
2.57987
0.61927
0.243192
1.93212
1.11217
0.448597
0.638113
0.0846907
0.919565
0.0109363
0.44494
0.444245
0.798296
0.0287022
0.168905
0.0227872
0.77998
0.0597704
0.94418
0.0126766
1.32178
0.666622
1.96797
0.245737
1.09372
0.118224
0.617105
0.037858
0.213221
0.358935
0.141321
0.265845
1.22806
0.0587843
0.440899
0.388423
0.00181105
0.0591838
0.181265
0.25149
0.108343
0.137168
0.0445983
0.846861
0.398938
0.0956075
0.31515
0.131075
0.263934
0.631549
0.183042
0.289313
0.0813386
0.189284
0.303017
2.33581
0.265268
0.271249
0.0889375
0.531121
0.17636
0.103423
0.601335
0.3324
0.0183254
0.0192823
0.582964
1.96388
0.484664
0.388262
0.547134
0.88736
1.20723
0.080632
0.218191
0.730377
0.605244
0.170333
0.0863302
0.00233606
0.15887
0.158377
0.237523
0.725156
1.08796
0.423371
0.508937
0.268114
0.751981
1.32267
0.0206653
0.570218
0.0497572
0.837229
0.379122
0.308655
0.190168
0.624752
2.44313
0.675537
0.506741
0.776137
0.392117
0.0470807
0.86033
0.2138
0.423831
0.150188
0.0121533
0.577586
1.7939
0.23107
0.0439441
0.691393
0.0609394
0.108951
0.760014
0.0896234
0.0103257
0.0215371
0.417854
0.046912
0.155465
0.63128
0.149764
0.277029
0.055905
0.0479332
0.119273
0.984521
0.177819
0.719557
0.296035
0.154768
0.0972772
0.180766
0.149498
1.34967
0.267353
0.467752
0.770454
0.0798942
0.0116182
0.885026
0.0272386
0.486192
0.0345077
0.272801
1.96316
0.147172
0.445032
0.692567
0.987319
0.689878
0.156928
0.888111
0.830859
0.410202
0.168301
0.500673
0.570373
0.605192
1.198
0.335465
1.45467
1.07833
0.180681
0.0526846
0.0285228
0.348265
0.0294979
0.495494
0.706854
1.64123
1.28904
0.246557
1.08344
0.992959
0.167589
0.499682
0.0680627
0.349548
0.896203
1.24385
0.138887
0.145506
1.79869
0.443265
0.155958
0.144609
0.285854
0.906459
0.0984769
1.60721
0.488317
0.978806
0.374437
0.0268769
0.0881879
0.467854
0.391358
0.0830434
0.0973487
0.509303
0.115197
1.22735
0.774044
0.402272
0.778087
1.43764
0.193089
0.368243
0.22866
0.0355661
0.674808
0.274048
0.789696
0.298916
0.810062
0.0284383
0.526786
0.0178548
0.269438
1.59225
0.544796
0.974301
0.678136
0.188798
0.0450688
0.570825
0.336513
0.303852
0.4024
0.330424
1.47825
0.303776
1.16534
0.170076
0.128971
0.194189
0.317362
0.911692
0.126609
0.164071
0.210678
0.474237
0.803542
0.517878
0.0503534
0.583062
0.576198
0.803421
0.326402
1.45523
0.450245
0.697223
0.449316
0.0624797
0.0351191
0.801758
0.00872677
0.0990839
0.373734
0.740468
0.270739
0.447819
0.0243075
0.250392
0.0625754
1.01971
0.221005
0.113426
0.0731585
0.00944967
0.394451
0.456596
0.113447
0.174159
3.12141
0.311724
0.13209
0.843287
0.0229028
1.0886
0.741199
0.365962
0.884301
0.318559
1.28079
1.63605
1.14811
0.695807
0.12101
0.307974
0.00489808
0.104536
1.76056
0.0384659
0.525949
0.157826
0.482874
1.4414
0.779563
0.110287
0.340386
0.306559
0.205514
0.55363
0.443705
0.743883
0.870743
0.149691
0.765079
0.0978779
0.827211
1.07037
0.0256345
0.78029
0.333624
1.01506
0.0587265
0.0603921
0.0196441
0.0602667
0.0385433
1.32901
0.0977278
0.889384
0.389384
0.0147424
0.283504
0.257443
0.566085
0.175106
0.508402
0.835881
0.695076
0.495222
0.0804609
0.101869
0.516398
0.119621
0.156043
1.18879
0.892686
0.490147
0.257806
0.963691
0.201544
0.174026
0.281358
0.111916
0.0600888
0.794771
0.769507
0.198737
0.334778
0.347804
0.731705
0.200588
1.65634
0.028006
0.422032
0.465158
0.0320803
0.118132
0.363949
0.025237
0.475071
0.3497
0.0159014
0.203159
0.00775627
0.156822
0.846649
0.775882
1.62744
0.349042
0.699503
0.229765
0.0733282
0.0338048
0.0112282
0.123535
0.245035
0.65675
1.41565
0.204473
0.957238
0.438159
0.0101366
0.839952
0.421211
0.142251
0.670556
0.109693
0.0215322
0.319525
0.386436
0.266109
0.170815
0.404393
0.383752
0.830455
0.937938
0.0552139
0.305563
0.761834
0.144814
0.539818
0.16697
0.337092
0.331404
0.510518
0.0675341
0.0982153
1.10681
0.0763607
0.822649
0.430876
0.0321495
0.0455966
0.557814
1.21229
0.104767
0.115503
0.0604814
2.42054
0.245171
0.22942
0.189239
1.1841
0.331619
0.70272
0.624206
0.812317
0.762642
0.238112
0.569105
0.154537
0.167635
0.293802
1.28036
0.774698
1.12687
0.0270326
0.0552785
0.89461
0.0419177
0.693998
0.101024
2.67868
0.357397
0.274092
1.62885
0.697315
0.0853152
0.0143204
0.232569
0.183936
0.228933
0.572886
1.63537
0.0178073
0.261852
0.429836
0.0603769
0.00280047
1.71547
0.145386
0.31898
0.0637207
0.0777832
0.606493
0.0490475
0.197742
0.244504
0.911413
0.86439
0.286102
1.22059
0.755812
0.231263
0.015128
0.0487509
0.344664
0.493738
1.66681
0.181246
0.185778
0.582298
1.61525
0.697935
0.601248
0.0478395
0.808399
0.722136
2.56876
0.776246
0.468919
0.0233897
0.242652
0.193456
0.641209
0.265144
0.765908
0.642975
0.55839
0.327489
0.0171103
0.513274
0.67706
0.93414
1.51941
0.0929917
0.488579
0.113693
0.648681
1.19266
0.565398
1.63325
0.0820566
0.669457
0.155296
0.830596
0.114918
0.847457
0.619125
0.717967
0.325271
0.169798
0.180916
0.0883
1.37449
0.122146
1.524
0.0921629
0.38223
0.135899
1.11661
0.10877
0.0945373
0.277406
0.00216907
0.901746
0.337013
1.06944
0.122802
0.667237
0.00851271
0.389511
0.36565
1.64152
0.0801423
0.598883
0.0221204
0.186873
0.331875
0.694303
0.723553
0.0570722
0.00109633
0.543924
0.165359
1.62172
0.418484
0.520395
0.104793
2.87945
0.180059
0.413632
0.40342
0.0260738
0.17077
0.387218
1.89288
0.207212
0.0628168
0.184009
0.699742
0.0459891
0.754441
0.724843
0.482787
0.510296
0.25487
0.139659
0.465352
0.373382
0.195809
0.00373442
0.317626
0.00425285
0.0197158
0.312229
0.133457
0.442456
0.287699
0.457647
0.186218
1.92174
1.36965
0.0656879
0.640168
0.034466
1.26763
0.925213
1.23162
0.188426
0.0291894
0.689773
0.556107
0.081241
1.28192
0.192326
0.467289
0.865907
0.348009
0.400366
0.735353
0.125996
0.0032387
0.11164
0.881105
0.0943574
0.410869
0.680145
0.21799
0.577614
0.116743
0.414004
0.596774
0.596979
0.759124
0.934522
1.64785
0.717889
0.053282
0.606225
0.422588
0.12276
0.01507
0.00176815
1.22638
0.192087
0.981936
0.290172
0.473003
0.935187
0.402197
0.17512
0.962714
0.556901
0.191769
0.291441
0.211521
0.816128
0.0203443
0.026052
0.200016
0.254209
0.0195024
0.373539
0.128415
0.132661
0.581567
0.08498
0.210839
0.0850146
0.227675
1.94528
0.110887
0.00292172
0.149847
0.234702
1.27643
0.335669
0.345372
1.00887
0.15096
0.388309
0.0817117
0.529331
0.56038
0.513408
0.393814
0.211855
0.0118297
0.474886
0.298879
0.286667
0.219267
0.233513
0.444187
1.87821
0.162596
0.0924047
0.000866617
1.94478
0.281945
0.734026
0.693781
0.0195186
0.40271
0.0734799
0.315469
0.543319
0.507055
0.0280046
0.14397
0.911022
0.575778
0.135946
0.249314
0.1778
0.393728
0.257626
0.318171
0.0127811
0.228629
0.817505
0.152762
0.300263
0.0645316
0.699292
0.0096551
1.16762
0.654441
0.441586
0.423915
0.6786
0.171569
0.485802
0.778452
0.677523
1.09317
0.417486
1.0559
0.0920698
0.347928
1.204
0.012767
0.0478999
0.356611
0.737551
1.04787
0.263748
0.167492
0.644525
0.240126
0.0490403
0.23947
0.0456432
0.301165
0.0797533
0.852386
0.101109
2.33836
0.787585
1.62887
0.0354241
0.682902
0.231209
0.335737
0.130844
0.365352
0.301933
1.55867
0.698108
0.120783
0.589269
0.303853
0.299023
0.132149
1.00463
1.01174
0.31914
0.604035
0.54165
0.117122
1.04467
0.0320585
0.546128
0.418475
0.549582
0.336429
0.0387427
0.0748711
0.82261
0.542389
0.505352
0.957737
0.595067
0.230056
0.170254
0.0487607
0.479754
0.319316
0.0185198
0.0059457
0.52792
0.597356
0.382869
1.40639
0.420647
0.764271
1.14758
0.244215
0.0943412
0.310929
0.129413
0.0718963
0.493567
0.80026
0.21559
1.34057
0.144485
0.214073
0.166803
0.160124
0.157131
0.592433
1.26141
0.760968
0.0265691
0.785289
0.275696
0.552387
0.178493
0.57894
0.960818
0.831756
0.640696
0.0257542
0.344519
1.14148
0.541211
0.0453921
0.281171
0.10828
0.114023
0.150096
0.77525
0.236476
0.142338
0.234158
0.153727
1.88721
0.0236482
0.347803
0.196578
1.23441
0.629876
0.141769
0.499477
0.492681
0.122743
0.989355
0.11234
0.166052
0.178543
0.592938
0.733689
0.463132
1.26024
0.342126
1.06494
0.735069
0.486793
0.0277626
0.108958
1.27342
0.25452
0.583675
0.361251
0.700114
0.353423
0.0390001
0.0110843
0.614488
0.712805
1.26462
0.143909
0.14632
0.779535
1.98519
0.151513
0.729161
0.746006
1.29113
0.395286
0.347749
0.0727007
0.381758
0.0787884
0.0796162
0.604691
0.705525
0.332469
0.344325
0.935524
0.0500134
0.286361
0.59575
0.0472606
0.941423
0.044293
0.433972
0.560355
0.57955
0.661474
0.493625
0.456743
0.0406697
0.470233
1.96831
0.506101
0.028864
0.79566
0.0430258
0.822314
0.885985
1.08613
0.247262
0.87705
0.671999
0.938462
0.592578
0.0125722
0.0279558
0.474196
0.370059
0.12814
0.0634646
1.09472
0.0794245
0.0571269
0.204134
0.561551
0.56028
0.365528
0.339875
0.00728276
0.672373
0.157712
1.47735
0.302797
0.169764
1.15051
0.0709939
0.646386
1.50936
1.12531
1.28962
0.0782936
0.363967
1.11666
0.211704
0.134471
3.20986
0.21275
0.0603682
0.0322935
0.769159
0.0865083
0.385972
0.781701
0.257539
0.771897
0.142634
1.60064
0.216164
0.186002
0.165188
1.88602
0.398343
1.99943
0.00115904
0.20362
1.00764
0.64498
0.231462
0.0182794
0.144939
0.0643687
0.0282528
0.691517
1.48013
0.217817
1.08773
0.0963635
0.188065
0.488615
0.0848733
0.0730879
0.651278
0.385565
0.150969
1.0662
0.048637
1.55999
0.102041
0.06074
0.278354
0.85605
0.20454
0.13354
0.0304713
0.289813
0.119794
0.179522
1.19691
0.704268
0.280889
0.122336
0.226017
0.0348232
0.422964
0.490393
0.142917
0.65014
0.254528
0.0148424
0.25102
0.18839
1.17413
0.503286
0.172797
0.707346
0.597444
0.255705
0.212158
1.49188
0.138377
0.847661
0.123581
0.18888
0.290527
1.15506
0.743689
0.951353
0.0278847
1.18222
0.0555603
0.0739329
0.31857
0.148479
0.0904194
0.845311
0.192053
0.109739
0.332729
0.0181677
0.27035
0.540239
0.341239
0.233633
0.435172
0.975079
1.25593
0.622189
0.709789
0.043378
0.782164
0.456075
0.00905019
0.137841
0.391694
0.417155
1.06824
0.444245
0.598253
1.27918
0.344178
0.110851
0.521128
0.360665
0.0838315
0.515117
0.0183989
1.48506
0.521042
0.249263
0.128663
0.797811
1.91044
0.283366
0.228928
0.150241
1.19968
0.467223
0.398412
0.795304
0.961186
0.0933995
0.40721
0.133866
0.470127
0.032956
0.630724
0.922898
0.294556
0.26504
0.202944
0.992699
0.00820731
0.654737
0.128737
0.0152765
0.511365
0.227427
0.965397
0.396591
0.257447
0.50563
0.385056
0.0156571
0.477548
0.117409
0.155609
1.32635
0.0590987
0.101631
0.49079
1.1794
1.12122
0.25459
0.159248
0.589204
0.478704
0.308493
0.40456
1.22282
0.267399
2.00972
0.579102
0.236431
0.436704
0.401319
0.0175203
0.200487
0.442685
1.21015
4.01937
0.108294
1.35472
0.96457
2.01124
0.148631
0.225552
0.218045
1.48287
0.916736
1.20343
0.245549
0.0460744
0.283913
0.170348
0.00411488
0.035033
0.178795
0.0717651
0.0564829
0.23499
0.0250822
0.428115
0.267745
0.1496
0.558107
0.552599
0.120175
0.718556
0.410363
0.0860283
0.156005
0.216104
1.79846
0.0456821
0.320044
0.497981
0.341465
0.710625
0.650931
0.545393
1.48018
0.374764
0.367091
0.238217
0.160483
1.48668
0.66443
0.421766
1.11663
0.713654
0.0982494
2.43934
0.0094861
0.12008
0.194178
0.0284786
0.305649
0.142575
0.727757
0.460202
0.224764
0.00524683
1.29326
0.16875
0.310545
0.11891
0.270194
0.0242524
0.153341
0.90327
0.595804
0.0921021
0.620751
0.581435
0.240745
0.289663
0.868427
0.16711
0.855509
1.19643
0.807197
0.450589
0.216242
0.6443
0.0481747
0.0603706
0.851269
0.433886
1.38645
0.78959
0.718531
0.13983
1.06917
0.182734
1.0189
0.579071
0.686908
0.0836191
0.060028
0.177187
0.438034
0.0697052
0.0648805
0.627833
0.0447138
0.471926
0.159931
0.621035
1.86283
0.114574
3.05159
0.623441
0.973732
0.132058
0.808147
0.244884
0.0196285
0.411289
0.361417
0.908982
0.860319
0.162407
0.144469
1.06269
0.722839
0.60834
0.448131
1.3094
0.262295
0.152174
0.332657
1.51679
1.81366
0.564479
0.229915
0.0300221
0.376997
0.0112152
2.82565
0.072509
0.0664958
0.0640904
0.356463
0.0589181
0.249768
0.74022
0.114476
0.176521
0.067722
0.208219
0.37326
0.200482
0.188484
0.0941964
0.763344
0.113064
0.0831185
0.227062
0.0411005
1.10216
0.374513
0.242174
1.64725
0.0378623
0.301893
0.00516359
0.17722
0.300559
3.37828
0.0773189
0.949995
0.0830662
0.0903487
1.42356
0.0491675
0.659828
0.138308
0.837649
0.665647
0.158316
0.0683367
0.669163
0.313198
0.03278
0.0662779
0.299041
0.263048
0.256686
0.591497
1.49168
0.853826
1.52178
0.581118
1.01073
0.315964
0.129543
0.391305
0.0913791
0.161152
0.524577
1.5114
0.597136
0.506852
0.612873
0.337975
0.0412674
2.17602
0.61277
0.661224
0.299173
0.0376118
0.490393
0.185288
0.385822
0.295524
0.38815
0.306609
0.438907
0.570962
0.0927493
0.377682
0.480561
0.805428
2.58293
1.74208
0.409798
0.280288
0.330775
0.151008
0.571913
0.0888244
1.18354
0.210322
1.17971
0.534521
0.134729
3.27577
0.292458
1.31861
0.541596
0.605284
0.16658
0.245851
0.0959412
0.293308
0.0126401
0.0424643
0.721883
0.0118475
0.396372
0.522324
0.596219
0.183368
0.0145139
0.357858
0.251053
1.56686
0.823843
0.734161
0.261428
0.0676649
0.444424
0.196158
1.8221
0.500906
0.33867
0.618262
0.575724
0.042286
0.291923
0.084725
0.648223
0.324825
0.263182
0.223639
0.135327
0.798745
2.1367
0.330945
0.136884
0.0130788
0.837165
0.994068
0.561837
0.091952
0.210561
1.40938
0.0159673
0.653895
0.308472
1.24625
0.0328474
0.0881348
0.275772
0.486675
0.0572245
0.746812
0.567443
0.0515701
0.337477
0.501115
2.20274
0.262669
0.377406
1.12267
0.276961
0.0899031
0.49571
0.0765456
0.610095
0.15631
1.7669
0.0953836
0.216932
0.234796
0.176022
0.712171
0.125772
0.428176
0.167403
1.02664
1.00006
0.796446
0.010255
1.07277
0.1262
0.272908
0.03211
0.130463
0.10441
0.486323
0.457157
0.0254473
0.33602
1.28875
0.112591
0.165802
0.280886
0.32328
0.549763
0.685728
1.70514
0.395509
0.309706
0.559804
0.507896
0.664117
0.145062
0.12704
0.871075
0.260057
0.0158852
0.312492
1.01199
0.899263
0.210028
0.18688
0.366752
0.436433
0.0474852
1.51628
0.139675
0.43548
0.298933
0.126935
0.976738
0.290182
0.230362
0.322486
0.00987401
0.318238
0.0908277
0.238586
0.029731
1.34908
0.628751
0.132099
0.516236
2.62989
0.660047
0.116825
0.834757
1.25126
0.528966
0.0472644
0.854626
1.55496
0.456014
1.70374
0.2158
0.318288
1.45895
0.254763
0.419942
0.753962
2.07609
0.402809
0.349923
0.109499
0.0892302
0.815195
0.173601
0.871671
0.293702
0.186942
0.717438
0.388008
0.13481
0.0296135
0.921527
0.60923
0.28126
0.964209
0.209982
0.0537938
0.0131461
0.887609
0.415793
0.441124
0.958119
1.01506
0.143727
1.49749
1.07414
0.376184
0.241417
0.359801
0.515694
1.32356
0.204022
1.32924
0.118464
0.0534617
0.941849
0.625489
0.190804
0.187082
0.227123
1.96978
0.0145256
0.966232
0.114345
1.22905
0.384564
0.827499
0.0407597
0.294572
0.3789
0.155498
0.301508
0.527662
0.559325
0.383888
0.145621
0.240108
0.533954
0.797894
0.265347
0.441269
0.229986
0.68738
0.722389
1.05942
0.514461
0.599229
0.759932
0.839395
0.0532558
0.525527
0.527264
0.230704
0.45243
0.895949
0.114598
0.0967235
0.677883
0.12136
0.0982097
1.37226
0.0238733
0.33018
0.200733
0.432436
0.0669192
2.20599
1.12694
0.497655
0.365847
0.0884065
1.04853
0.177514
0.461763
1.16429
0.60309
0.766451
0.0454445
0.279438
0.587192
0.177554
0.474032
0.0505973
1.19177
0.192172
1.41889
0.600398
0.845174
0.387807
0.136554
0.634197
0.180968
0.0322994
1.51413
0.0307827
0.395527
0.173196
0.745739
0.682394
0.118725
0.0304046
0.127007
0.0414461
0.347618
0.300599
0.168161
0.779346
0.403509
1.06223
0.557732
0.487169
0.561914
0.939301
0.091994
1.25654
1.25187
1.42938
0.422681
0.537051
0.355916
0.40685
0.633925
0.310714
0.474611
0.840241
0.0664536
0.0410744
1.47653
0.123732
0.586328
0.872096
0.667269
0.378092
0.0137231
0.35417
0.353911
0.211828
0.980782
0.180273
0.133934
1.19191
0.0137598
0.0595734
0.200975
0.502192
0.438612
1.0971
1.72438
0.960056
0.332967
0.271496
0.149301
0.162748
0.232413
0.0485891
0.731055
0.566133
1.44029
0.0657769
1.07174
0.167011
0.287178
0.694045
0.353178
0.262886
0.571672
1.16592
0.480327
0.759134
0.15373
0.902337
0.0836572
0.0553184
0.165319
0.131413
0.704022
0.202832
0.0976562
0.159682
0.922635
0.0901442
0.10666
0.104386
0.382741
0.145875
1.10513
0.69887
1.31699
0.513645
0.170978
0.16038
0.110025
1.21908
0.0419841
0.386595
0.0290083
0.407037
0.290298
0.125793
0.0281132
0.0304556
1.4463
0.16696
0.124499
0.116963
0.0330038
0.830909
0.396382
0.0655271
0.721003
0.928573
0.873892
0.33666
0.589819
0.558584
0.187459
0.381495
0.313717
0.0459652
0.700046
0.108577
0.389156
0.0609311
0.137969
0.016282
0.104376
0.617901
0.272914
0.205931
0.030252
1.28543
0.389544
1.95563
0.911825
0.0212016
0.931832
0.306767
0.349217
0.100315
0.815801
0.566226
0.538407
1.01985
0.610256
1.42436
0.338686
0.0412655
0.0331296
0.555399
0.778398
0.138441
0.259184
0.197044
0.427533
0.645945
0.983731
0.0345485
0.874888
0.1656
0.0724313
0.477456
0.779522
1.64223
0.178879
0.934174
0.24647
0.00169122
1.38525
0.448808
0.128906
0.0980567
0.0659747
0.0953993
0.572268
0.0639034
0.720941
0.0724398
0.449815
0.0612361
0.717612
0.627247
0.026971
0.983718
0.389443
0.369643
0.739337
0.585408
0.258493
1.42837
0.412205
0.750753
0.133618
0.696303
0.244999
0.797983
0.0279613
0.304033
0.385467
0.414502
1.19405
0.945255
0.22802
0.0701036
0.46178
0.168854
0.0788458
0.99904
0.774071
0.100437
0.347685
2.19339
1.05318
0.121856
1.46224
0.045036
0.195597
0.741924
0.00552453
0.0464215
0.633285
0.04499
0.307211
0.119702
0.146903
0.472964
0.0562511
0.242763
0.0131516
0.0590877
0.64517
0.480444
0.550176
1.68309
0.398618
1.02494
0.914858
0.106833
1.0162
1.02841
0.0318297
0.594655
0.123517
0.258483
0.243827
0.128432
0.54357
0.416733
0.265632
0.417113
0.554697
0.351125
0.0820243
0.274937
0.0454612
0.058627
0.130406
0.407535
0.60094
0.099787
1.39351
0.475676
1.11927
0.409047
0.490903
0.0999043
1.17633
0.660345
1.33932
0.417377
0.0918342
0.267271
0.232375
0.778537
0.144461
0.422235
0.709293
0.175366
1.11671
0.292103
1.70335
1.09777
0.495804
0.0100756
0.400926
0.237833
0.356956
0.334836
0.594484
0.301259
0.27351
0.0777413
0.00686473
0.152674
0.330016
0.165568
0.587937
0.133073
0.0317577
0.39644
0.32323
0.439629
0.976746
0.148954
0.00110227
0.0401348
0.45888
0.108012
1.69863
0.32265
0.881908
0.223857
0.521364
0.13099
0.154647
0.121932
0.154539
1.05552
0.176024
1.00308
0.580381
0.54027
0.0128524
0.655079
1.82701
0.985116
0.286927
0.100724
0.162396
0.224632
0.0805759
0.51953
0.424437
1.28221
0.147981
0.560002
0.670463
0.556421
0.7396
0.328889
0.331197
0.189793
0.0871429
0.31424
0.478159
0.432696
0.308092
0.0967172
0.076562
0.214446
0.35823
0.152187
0.672396
0.0229318
0.725351
1.13857
0.0218438
0.613243
0.108073
0.0833122
0.172568
0.180892
0.791777
0.990302
0.846862
0.707999
0.0989442
0.282167
1.00319
0.102653
0.733844
0.0768139
0.167836
1.01143
0.0417253
0.257771
0.377053
0.275486
0.446531
0.327752
0.375222
0.629077
0.638661
0.110964
1.09432
1.72376
0.252139
0.0537714
1.42337
0.461283
0.60008
0.446993
0.0786005
0.176491
0.0691873
0.373385
0.182706
0.719237
1.43421
0.807544
0.0927523
0.661055
0.0510136
0.239548
0.914832
0.573485
0.163744
0.188706
0.399503
0.696127
0.383999
0.119278
0.15806
0.259397
2.47852
0.591308
0.550283
0.17373
0.0936761
0.179182
1.13011
0.94398
0.248047
0.245918
0.690071
0.0423419
0.757592
0.318565
0.509692
0.0617234
0.226347
0.400664
1.35924
1.31547
0.709171
1.17341
0.0651584
0.829662
1.49107
0.937015
0.206442
0.0265558
0.562106
1.53481
0.635726
0.20873
1.1171
0.15499
0.059982
0.243637
0.927519
1.51756
0.490833
0.140917
0.119214
1.41154
0.357904
1.12062
1.04865
0.0147179
1.22798
0.33917
0.711582
1.51396
1.4448
1.0703
0.147887
1.27228
0.463553
0.808499
0.760441
0.0771671
0.0271315
0.186522
1.09188
0.77041
0.636593
1.51377
0.333491
1.38036
0.714813
0.0561062
0.551686
0.00581012
0.217956
0.0493671
0.462525
0.076716
0.210102
0.320825
0.0251879
0.015888
0.65101
0.0348835
1.44124
0.738082
0.33436
0.11838
0.45292
0.0741251
0.150245
0.614751
1.71364
0.942638
0.21924
0.0100395
0.400544
0.172576
0.485129
0.0873724
0.208944
0.127002
0.517778
0.855192
0.254188
1.37765
0.813805
0.108715
0.353293
0.24553
0.532041
0.0297171
0.276633
0.832236
0.0979415
0.364479
0.134485
0.165204
0.213098
0.0125894
0.164931
0.715201
0.410046
0.0415236
0.110467
0.0570583
0.259082
0.0900351
0.394408
0.402416
0.157348
0.251443
0.370673
0.0803095
0.179159
0.245718
0.170854
0.576532
0.110073
0.951431
0.225656
0.424851
0.220935
0.243292
0.50132
0.110969
0.992472
0.00913418
0.298881
0.14362
0.824516
1.39968
0.189472
0.344176
0.325184
1.72453
0.547351
0.416468
0.988916
0.133674
0.143814
0.0819095
0.00732209
0.434882
0.457852
0.129791
0.722232
0.0969028
0.048873
0.622692
0.149361
0.981101
0.0605861
0.0469318
0.981602
0.5938
0.812401
0.375887
1.05396
0.14043
1.17039
1.47117
0.534421
0.0343121
0.113112
0.405188
0.333598
1.28196
0.0312973
0.22756
1.08727
0.122818
0.391424
0.0926544
0.604871
0.0770014
0.504545
0.331973
0.420139
0.0237384
0.0333978
1.87086
0.117176
0.371386
0.112149
0.89925
0.0374162
0.644202
0.414227
0.498136
0.869671
0.234058
0.266458
0.0769118
0.0972694
0.0103503
1.4634
0.512244
0.410349
2.7985
0.427785
0.082938
0.0748975
0.46238
0.811399
0.104415
0.57061
0.00362826
0.110446
0.287006
0.696016
0.224471
1.58504
1.36668
0.737239
0.516051
0.416926
0.111943
0.25964
0.622803
0.0218336
0.908828
0.798457
0.041914
0.174726
0.0552139
0.0842331
1.22273
0.0267755
1.62645
0.0922131
0.670532
1.14873
0.0377091
0.757232
0.237703
1.19799
0.171966
0.797674
0.457712
0.217844
0.0543204
0.934556
2.13564
0.0131173
0.392299
0.0923725
0.367594
0.523156
0.0436127
0.731185
0.252222
1.02149
1.98773
0.251402
0.388892
0.227146
0.463855
1.04024
0.222675
0.369541
0.126389
0.167506
0.111416
0.128732
0.731221
0.316346
0.0156354
0.137481
0.0305556
0.255844
0.939175
0.5506
0.00173611
1.09589
0.165833
0.012313
0.151022
0.0656916
1.54311
0.249084
1.05303
0.425747
0.00770702
0.0962615
0.250735
0.628884
0.281285
1.41109
1.2095
0.0657747
0.319675
0.987296
0.503474
0.241655
1.34081
0.142033
0.243207
0.227867
0.399916
0.563212
0.427514
0.206019
0.0952689
0.11652
0.0859601
0.266846
0.060673
0.114663
0.0218943
0.977024
0.141524
0.135522
0.325437
0.65042
0.18366
0.440922
1.19422
0.220357
1.29773
0.907299
0.789444
0.10179
0.997097
0.0377215
1.15826
0.285819
2.07234
0.082799
0.417918
0.0706205
0.276117
0.451134
0.272635
1.55928
0.352401
0.38815
0.0449979
0.304483
0.931915
0.194869
0.212714
0.0505596
0.110153
0.0673123
0.162838
0.516476
0.356952
0.132226
0.967368
0.267739
0.604357
0.231984
0.368951
0.927814
0.523514
0.539771
0.13139
1.22817
1.19504
0.503573
0.306724
1.30226
0.513579
1.03866
0.565868
0.0547787
0.156868
0.655969
0.822458
0.401826
0.205943
0.49971
0.0690742
0.0304971
0.0571665
0.345576
0.0949356
0.131757
0.22596
0.676997
0.0349608
0.335261
1.36124
0.22334
1.00363
0.243381
0.289869
0.49608
0.201263
0.785111
0.704333
1.07481
0.611334
0.263516
0.585689
1.13245
1.3145
0.0686251
0.246871
0.212671
0.917316
0.668223
1.55271
1.08554
0.941111
0.318098
0.754804
0.176266
0.407517
1.15569
0.0552764
0.13997
1.04945
0.562855
0.177941
0.0637021
0.0490885
0.45332
0.21562
0.328386
0.262419
0.390772
0.0394876
0.448289
0.299306
0.676638
0.408846
0.384853
0.14667
1.04685
0.173777
0.301927
0.114898
0.393556
0.41172
0.206599
0.307644
0.402261
0.35839
1.65133
0.196407
0.411736
0.318605
0.229799
0.0613252
0.425459
1.80275
0.313421
1.8623
0.712766
2.4595
0.126024
0.0926333
0.0735849
1.26239
1.5052
0.206914
0.436798
0.662115
0.0970934
0.136011
0.598433
1.18104
0.481007
0.274553
0.00560024
0.366074
0.682332
0.273805
0.013995
0.0558335
0.288043
1.02341
0.487967
0.607895
0.139609
0.0612386
0.163586
0.498289
0.627546
0.761982
0.543218
0.329111
0.22005
0.862283
0.0252807
0.91558
0.527485
0.363042
0.0491214
0.115249
0.592565
1.63004
0.288651
0.529075
1.18404
0.357388
0.556004
0.589177
0.220612
0.586523
0.0632455
0.993815
0.0884844
0.0471215
2.98134
0.385385
0.344217
0.615826
0.248434
0.297117
0.577073
0.165132
0.444317
0.281133
1.08575
0.0370326
0.144421
1.08069
1.08376
0.49133
1.35386
0.310106
0.315079
0.0035371
0.296195
0.308251
1.08495
2.25338
0.410178
0.293248
1.32052
0.643795
0.398438
0.438207
0.041181
0.235917
0.0489605
0.119389
0.150515
0.128662
0.00370199
0.0533527
0.586092
0.681465
0.195379
1.50153
0.18921
0.0676783
0.121161
0.466222
0.210952
0.835979
0.152492
0.337581
0.236017
0.30436
0.422156
0.69974
0.486373
1.04975
0.11944
0.506056
0.62932
0.325521
0.38923
0.42021
0.493873
0.489738
0.863132
0.315057
0.0874604
0.348681
0.645048
0.725984
0.397862
1.39498
0.0832068
0.534568
0.5228
0.59205
1.22948
0.0284532
0.12363
0.637866
0.67807
0.75961
0.803049
1.10724
0.0848499
0.306611
0.571932
0.595203
0.546626
0.50331
0.319408
0.264018
0.846722
0.482161
0.695618
0.129738
0.449026
0.388043
0.197439
1.00888
0.512915
0.06278
0.428875
0.0728613
0.988835
0.541937
0.246922
1.98486
0.861251
0.761365
0.112441
0.342039
0.379504
0.193027
0.478404
0.250453
0.0268875
0.000370181
0.0701038
0.311249
0.299735
0.178773
0.298641
0.325132
0.456094
0.0178976
1.10612
0.0440327
0.189456
0.0917495
0.245224
0.0830019
0.219192
0.202466
0.444108
0.0546866
0.66231
0.433205
0.390995
0.59232
1.20156
0.908272
0.329331
0.758039
0.171993
0.45425
0.114171
0.394996
0.466982
0.183346
0.384294
0.601361
0.466368
3.02142
0.258222
0.0744955
0.470856
0.481499
2.15446
0.440118
0.256389
0.446108
0.319983
0.589702
1.63943
0.0451171
1.16818
0.0599386
0.407068
0.369923
0.472328
0.0204848
0.525949
0.741864
0.701265
0.638254
0.0998422
0.457435
0.293325
0.282038
0.549963
0.809295
1.66343
0.276032
0.550164
0.445732
0.44294
0.213545
0.0384889
0.55222
0.328174
0.491921
0.712198
0.39361
0.118678
0.191012
0.0320051
0.404097
0.205042
1.34514
0.475994
0.055276
0.457037
0.648592
0.00884715
0.509592
0.116199
1.62751
0.984376
0.846294
0.624313
0.495679
0.434569
0.265885
1.98792
0.0850461
0.549888
0.290319
0.704595
0.41441
0.622322
2.20153
0.189673
0.46035
0.807873
0.157565
0.657326
0.22324
0.695675
0.266432
0.113937
0.893311
0.587154
0.289192
0.0053304
1.62099
0.329546
2.13197
0.381528
0.517867
0.337853
0.133586
1.10694
0.126806
0.108649
0.413963
0.529821
1.23728
0.0768249
0.265561
0.0880519
0.677051
0.68825
1.041
1.34308
0.260656
0.285739
0.351347
0.542459
0.527885
0.494945
0.908442
0.194533
0.436049
0.0379196
0.0748672
0.945265
0.297923
0.00950098
0.999365
1.29162
0.271127
0.658685
0.21111
0.220697
0.795739
0.977815
0.0994217
0.396786
0.125866
0.0684052
1.01475
0.408981
0.208567
1.1679
0.0709767
0.157893
0.285154
0.0380766
0.333233
0.0708745
0.372848
0.779613
0.350522
0.00422186
0.298834
0.393705
0.190562
0.482655
0.25396
0.0521983
0.876022
0.0372276
0.276974
0.681946
0.0712698
2.26613
0.279739
0.270964
0.585525
0.654588
0.0498263
0.0861991
0.557372
0.11302
0.191383
0.256317
0.0313932
0.742511
0.435494
0.489999
1.53684
0.73734
0.838063
0.897859
0.443863
0.0408557
0.116152
0.249622
0.443136
0.196024
0.363402
0.595832
1.26953
0.0906985
0.185599
0.103729
0.0464719
0.0911122
0.607534
0.12515
0.00915193
0.726482
0.0276624
0.156933
0.103575
0.932219
0.0690934
1.66766
0.308525
0.240646
0.137068
0.34584
0.0782165
0.615479
0.931354
0.977951
0.726959
0.944794
0.0653543
0.256165
0.0330332
0.315955
0.00497803
0.165287
0.603154
1.14709
0.122415
0.125081
0.111663
0.732805
0.605038
0.0620576
0.44528
0.644359
0.0628672
2.75301
0.162368
0.676125
0.657486
0.845426
0.500811
0.385394
0.18304
0.468127
0.799551
0.422751
0.303764
0.309218
0.120198
0.0731006
1.6764
0.965054
0.221137
0.0284208
0.44143
0.88414
0.12094
0.31024
0.783456
0.353477
1.55087
0.0958285
0.00326114
0.300106
0.201306
0.0930978
0.822544
0.233414
0.181527
0.518341
0.43701
0.566933
0.236767
0.100151
0.0955184
0.223136
0.0826217
0.335306
1.85099
0.673035
0.465536
0.147735
0.00257989
0.387358
0.438963
0.445351
0.299989
0.833399
0.00771043
0.396078
0.0970004
0.114116
0.208831
0.15212
0.600838
0.0377575
0.551203
0.0924497
0.0760016
1.37131
0.0710536
0.832181
0.510201
0.740529
2.75581
0.703354
0.670274
0.549589
1.44374
0.0475853
0.134947
0.172267
0.062981
0.0127391
0.00620738
0.672616
0.219572
0.0386635
0.18827
0.11156
0.0826649
0.211471
0.00933681
1.79795
0.944508
0.265084
0.22527
0.199532
0.373005
0.169688
0.508573
0.636758
0.0668868
2.3491
0.222232
0.869109
0.170249
0.111547
0.249868
1.38543
0.267255
0.35276
0.424482
0.120179
0.279349
0.715462
0.14753
0.138311
0.767869
0.00700787
0.23847
0.316525
0.097348
0.396295
0.308206
1.8054
0.312868
0.346738
0.0404507
0.0348488
0.200665
0.450021
0.192624
0.151022
0.0786535
0.290387
0.597718
0.0274298
0.407771
1.57645
0.0172731
0.0430238
0.176835
0.226008
0.838021
0.0552626
0.618789
0.163215
0.351167
0.199389
0.333096
0.265499
0.219575
0.445796
0.0749566
0.21138
0.0797627
1.00088
0.566596
1.19307
0.278662
0.504739
0.00431204
0.528403
0.608234
0.448504
0.406417
1.22218
0.0600485
0.10176
0.460181
1.72894
0.0276493
0.358614
0.90407
0.783398
0.172288
0.0321076
0.510677
1.12836
0.0146786
0.776337
0.425443
0.741239
0.298593
0.0186084
0.447123
0.280995
0.12699
0.82893
0.323007
0.36053
0.33994
1.06397
2.08385
0.377953
0.833084
0.143965
0.125259
0.543861
0.413234
0.289355
0.642202
0.562982
0.214119
0.0734275
0.726758
0.271899
0.916725
0.574672
0.250372
0.278629
0.456257
1.17322
0.536047
0.0524629
0.229524
0.756719
0.436562
2.56559
0.204302
0.313913
0.213281
0.596358
0.973819
0.0826276
0.102593
0.791183
0.0870726
0.157423
0.350643
0.292623
0.348096
0.388313
0.639837
0.00948598
0.186724
0.227376
0.197481
0.235929
0.780579
0.0342922
0.521967
0.105459
0.329051
0.309508
0.961077
1.13574
0.191314
0.174129
0.545822
0.65015
0.489942
2.64077
0.164695
0.203438
0.460555
0.17576
0.0184764
0.357569
0.736458
0.103476
0.155392
0.354462
1.1005
0.619852
1.14992
0.2907
0.912296
0.0580837
0.146797
0.17148
1.83607
0.826192
0.430065
0.00050004
0.298802
0.685677
0.7449
0.0922336
0.00359716
0.400841
1.09174
0.865925
0.669164
0.0291024
0.72102
0.823665
0.184733
0.540363
0.310442
0.141279
0.0886473
0.0179267
1.0385
0.473338
0.100229
0.559302
0.0289939
1.06849
0.195495
0.754345
0.779999
0.172253
0.644229
0.00367345
0.973247
0.0971735
0.735985
0.391723
0.381732
0.270885
0.513529
0.012428
0.812767
1.76795
0.851738
0.832365
0.769666
2.50582
0.0308301
0.0491685
1.11012
0.0341325
0.21936
0.216459
0.104836
0.00430099
0.204638
0.524487
0.339397
0.768753
0.540682
0.166432
0.554179
0.00372798
1.02975
0.150777
0.546618
0.38066
0.121042
0.0737146
0.682186
0.524443
1.32498
0.578613
0.309218
0.225706
0.357802
1.25151
0.896185
0.158502
0.287748
1.42347
0.141633
0.386108
1.01407
0.092547
0.426507
0.300009
0.827314
0.226076
0.00531437
0.0470098
0.140852
0.0167928
0.0715154
0.419967
0.693853
0.548631
0.562387
0.243777
0.0268292
0.187494
0.3667
0.228985
0.0400455
0.00395039
0.266124
0.587269
1.61558
0.38651
1.1337
0.36869
0.370869
0.0278321
1.56139
0.649866
0.638246
0.0126199
1.11618
0.108107
0.407543
0.0190192
1.2003
0.136191
1.78007
1.39718
1.24899
0.460535
0.105443
0.861041
0.0332706
0.402338
0.0259983
0.220611
0.320171
0.427158
0.783703
1.66078
0.617227
0.0791573
0.835289
0.20175
0.309903
0.0650183
1.15225
0.751878
1.44112
0.112057
0.284115
1.52632
0.355245
2.40621
0.0198357
0.25032
2.36078
0.0947967
0.13302
0.26379
0.152284
0.13578
0.371215
0.869705
0.354257
0.215413
0.328078
0.0272224
0.631284
0.746841
0.164101
0.0131377
1.15334
0.272113
0.116629
0.306446
0.366976
1.50596
0.524151
1.60609
0.506588
0.0128041
0.0121846
0.33565
0.167644
0.0516074
0.118282
0.531811
0.405352
0.202542
1.30261
0.220994
1.17683
0.0554255
0.43831
0.159231
0.100108
0.450161
0.0597518
0.581008
1.0046
1.83179
0.142961
0.0914338
0.0194892
0.606455
0.794292
0.432605
0.407195
0.245447
0.217726
1.47608
1.60953
0.727451
0.00700468
0.550573
0.43963
0.154376
0.376526
0.392671
0.258309
0.542435
0.293636
0.10539
0.0437366
0.201528
0.605577
0.153052
0.715232
0.45724
0.121044
0.0224817
0.0165274
0.561918
1.18058
0.983571
0.55858
0.580874
0.632737
0.957441
0.413032
0.186986
0.0489911
0.446835
0.207664
0.337946
0.273378
0.0126003
0.158126
0.692418
1.51268
0.166704
0.906012
0.457748
0.572489
0.857986
0.385169
0.396648
0.619432
0.251298
0.274193
0.1023
0.407323
0.263949
0.88752
1.06277
1.58397
0.0398999
0.965222
0.415237
0.482682
1.40771
0.0121026
0.05366
0.301072
0.134289
0.604906
0.727438
0.726244
0.452055
0.61611
0.180953
1.3642
0.453381
0.532357
0.0465749
0.0170291
0.533753
0.350962
1.065
1.40641
0.72424
0.918934
0.547932
0.263479
0.420251
0.232677
0.0505496
0.473306
0.171898
0.0724713
0.013028
0.518276
0.00103993
1.3307
0.505844
0.358809
0.653529
0.31914
0.535846
0.0352544
1.22172
0.71148
0.099707
0.286407
0.609397
0.0871849
0.421857
0.250706
0.468475
0.639597
1.62502
0.127357
1.75525
0.107467
0.978831
0.388964
0.817968
0.158927
0.196078
0.427712
0.321728
0.415766
0.152265
0.28922
0.598896
0.732556
0.174506
0.96372
0.272744
0.428118
0.657318
0.937179
0.00779315
0.77191
0.0731495
1.2207
0.201114
0.0823021
2.10041
0.0858997
0.0458805
0.280156
1.24617
1.12806
0.0574041
0.0843572
0.0414915
0.12469
1.18251
0.514734
0.0363804
0.0276805
0.0525056
0.592602
1.6887
0.0792754
0.104086
0.376244
1.55206
0.412216
0.0849531
0.288353
0.0276512
0.0645246
0.286001
0.530012
0.275109
0.194107
0.600118
1.34049
0.747699
0.123958
0.00176492
0.225758
0.237247
0.766945
0.753422
1.15804
0.0789546
0.124054
0.0846379
0.0514223
0.20536
0.706135
0.0757275
0.426494
0.198726
0.264924
0.071096
0.599039
2.93111
0.121144
0.167646
2.15368
0.107089
0.264509
0.118181
0.644062
0.79385
0.0634805
0.377986
0.178182
1.06821
1.82537
0.727427
0.723162
0.318614
0.126343
0.0401793
0.0572029
0.233453
0.820213
0.206993
0.693571
0.49534
1.09766
0.03564
0.704332
0.020219
0.237458
0.588188
0.153758
0.177898
1.14091
0.529017
0.519587
0.119515
0.66578
1.03644
0.989503
0.354095
0.152777
0.0250155
0.407297
0.685701
0.189002
0.168908
0.230962
0.878817
0.0229688
0.460954
1.51285
0.431916
0.692653
0.676574
0.120001
1.48863
0.0861309
0.9729
0.170658
0.172741
0.588295
0.372459
0.632547
0.138215
0.106102
0.469843
0.209751
0.571821
0.478661
0.309594
0.279917
0.18759
0.118024
1.85238
0.351847
0.185774
0.506441
1.82877
0.270373
0.427469
0.434782
0.300071
0.0565325
0.0401666
0.193255
0.0802178
0.458581
0.810564
0.740716
1.91301
0.648333
0.751842
0.343008
0.789971
0.0229835
0.604118
0.0974223
0.000304154
0.347919
0.54631
0.0362502
0.355445
0.17039
0.313485
1.24741
0.381917
0.293108
0.00741291
0.90158
0.672608
0.519354
0.208993
0.543719
0.125887
0.693819
0.580193
0.169828
0.931111
0.371968
0.107072
0.287814
0.259759
0.0622483
0.58019
0.286887
0.0860332
0.664261
0.0300671
0.288451
0.0964699
0.0249042
0.654103
0.481337
0.0260135
0.819752
0.63461
0.923585
0.296135
0.0956984
0.808241
0.181203
2.41378
0.17433
0.149402
0.488128
0.00629397
0.40788
0.642199
1.26855
0.477478
0.0525354
0.488097
0.224077
0.470539
0.00602208
0.621011
0.535724
0.750392
0.7468
0.105973
0.0286512
1.97891
0.26386
1.42034
0.163122
0.485562
0.924208
0.198637
1.41604
1.38021
2.8586
0.0590673
1.38786
0.514284
0.0525695
1.52015
0.174187
0.272219
0.610272
0.00137224
2.31336
0.685081
1.39768
0.0521746
0.143797
0.416396
0.310507
0.0217999
0.811955
0.186634
0.532567
0.326335
0.474593
0.7229
0.358135
1.0126
0.424631
0.148986
0.717598
0.0233336
0.556903
0.648149
0.624409
1.08922
0.0703979
0.0531528
0.178798
0.403385
0.00391108
0.390287
1.00869
0.923192
0.720629
0.010476
0.0838658
0.0651371
0.186231
0.682223
0.00997905
0.232454
0.00909757
1.27307
0.225324
0.806394
0.105751
0.233932
0.75347
0.427383
0.365935
0.339847
0.279345
0.0674876
2.29975
0.0196447
0.487921
0.419686
0.753602
0.16249
0.504805
0.586167
0.45243
1.87285
0.124437
0.0295808
0.0059056
0.64781
0.224208
0.599824
0.144762
0.0638683
0.661715
1.10766
1.46648
0.155277
0.242963
0.383006
0.232373
0.085734
0.0737781
0.49378
0.505635
0.226633
0.113604
0.195729
0.218237
0.451798
0.376081
0.0513635
0.160531
0.436347
0.210067
0.33871
0.246503
0.859383
0.290663
1.67468
0.00213096
0.520371
0.556461
0.200712
0.162719
0.0893625
0.0842004
0.171717
0.661833
0.355289
0.621604
0.411599
0.135676
1.63856
0.00651836
0.0492782
1.46052
0.259903
1.51717
1.11142
0.636963
0.483053
0.653441
1.23644
0.360096
1.29754
0.0878345
0.441951
0.125785
0.558363
0.608716
0.240164
0.356997
0.0349845
0.600551
0.0117605
0.0514469
0.946487
0.20411
0.719709
0.0116748
0.182495
0.886917
0.148458
0.23137
0.0726788
0.201654
0.388034
1.68842
0.527681
0.0185335
0.439287
0.394883
0.898239
0.013293
1.67062
1.1043
0.630949
0.198811
0.0549501
0.277795
0.496454
0.578025
0.488959
0.803081
0.743206
0.40623
0.164171
1.25621
0.523827
0.870505
3.42791
1.61846
0.856069
0.65411
0.349652
0.955457
0.373431
0.366678
0.0162371
0.630329
0.510329
0.193268
0.533278
0.776452
0.31026
0.637213
0.579165
0.178026
1.01278
0.435249
0.559282
0.893323
0.170932
0.411136
0.353913
0.512549
0.026306
0.975195
0.0551173
0.295642
0.383335
0.560838
0.105349
0.1054
0.618807
1.13989
0.565419
0.154239
0.327867
0.348657
0.0733799
0.63178
0.257503
0.0915998
0.982395
1.17211
0.127798
0.474556
0.0100296
0.0726052
0.774064
0.0876724
0.274381
0.740942
0.694358
0.0034169
0.214567
0.18257
0.574688
0.628413
0.000280628
1.09999
1.98552
0.284867
0.0140953
0.968643
0.0731763
0.194535
0.537348
0.588156
0.937753
0.610725
1.26023
2.19015
0.323597
0.289632
0.298245
0.950294
0.213208
0.00192339
0.262723
0.172968
0.243517
0.815041
1.96318
0.0419052
0.470756
0.110618
1.67944
0.412504
1.57602
0.680936
1.80153
1.53922
1.59741
0.0848815
0.607314
0.461319
0.711045
0.339655
0.873957
0.624078
1.81516
0.0278969
1.47661
0.0238409
1.13215
0.348399
0.0993291
0.0439001
0.398806
0.593277
0.790069
0.0901444
0.0381841
0.690726
0.324118
0.0449865
1.67528
0.835603
0.558251
0.567754
0.53464
0.0285774
0.372014
0.936495
1.42158
0.24757
1.19504
0.427502
0.671515
0.253231
0.0299984
0.265547
0.613535
1.86389
0.169762
1.22825
0.109888
0.121797
0.181336
0.413359
0.0284445
2.10581
0.479761
0.521734
0.714914
0.661519
0.388338
0.487668
0.267055
0.0112734
0.169057
0.278616
0.0351606
0.152779
0.539467
0.160694
1.16149
0.104297
0.898418
0.269997
0.665433
0.370488
0.663835
0.23086
0.251531
0.251245
0.352522
0.0584025
0.267735
1.46566
0.429435
0.678858
0.442972
0.565398
0.855525
0.0730094
0.971751
3.10336
0.177856
0.0115291
0.0277008
0.352945
0.0667877
0.0393093
1.86392
0.328524
1.07191
0.295425
0.186979
0.0522691
0.0948698
0.160386
1.20022
0.979392
0.662331
0.553127
1.0857
0.667864
0.551383
0.530168
0.0438577
0.406129
0.144355
0.435679
0.229572
0.0367957
0.920388
0.370422
0.159625
0.162874
0.242058
0.0621399
0.329372
0.288625
0.00147153
0.250305
0.546313
0.195549
0.109635
0.0345673
0.0782376
0.0969351
0.0605936
0.782675
1.26755
1.12078
0.285929
1.11158
0.374184
1.32105
0.208837
0.0331661
0.136846
0.262114
0.0425048
0.383892
0.0645902
1.71193
0.490901
0.114144
0.271558
0.839619
1.27136
0.135812
0.799521
0.342488
0.135877
0.527497
1.26749
1.15955
0.0563979
0.210737
1.03086
1.71443
0.216032
0.0587021
1.32714
0.477366
0.630965
0.0635546
0.0910585
0.252038
0.448473
0.224284
0.269734
0.22752
0.193677
0.414052
0.0352957
0.55009
0.474054
0.0383419
0.114965
0.209769
0.389407
0.122942
0.455556
0.961365
0.519235
0.48173
0.0144203
0.884766
0.477846
2.10299
0.316414
0.372812
0.0385496
1.05416
0.452753
0.358312
1.58969
1.36701
0.0818315
0.0329015
2.15222
0.033684
0.52635
0.784634
0.645101
0.0641703
1.34065
1.77603
0.681895
0.373775
0.0210569
0.0545035
0.233632
0.246313
1.94028
0.10424
0.391518
0.414055
0.741356
0.124657
0.128797
0.109654
0.259997
0.256255
1.8449
0.136957
0.0413561
0.423461
0.0192385
0.272167
0.199358
0.22175
0.446394
0.107796
0.324655
0.399841
0.394283
0.0894465
1.36436
0.0994829
0.310164
0.304966
0.909719
0.898207
0.0233066
0.436821
0.388816
0.561225
0.685736
0.148377
0.290008
0.581601
1.46299
0.580777
0.533713
0.516759
0.14088
0.909185
0.020895
0.165709
0.203725
0.0845191
0.0243811
0.114843
1.77547
0.15663
1.33837
0.00232658
0.386486
0.0821518
0.804974
0.0501927
0.614337
0.150048
0.00236777
0.741201
0.581207
0.0704735
0.237948
2.24303
0.423466
1.71044
0.842547
0.210987
0.161621
0.541524
0.588854
0.821433
0.429089
0.850946
0.511398
0.50129
0.651558
0.127606
0.0838277
0.0154294
0.108206
0.18434
0.396847
0.00908703
1.57263
0.0203811
0.693492
0.00841296
1.27283
0.879997
0.301297
0.536377
1.30818
1.01018
0.0480646
0.182846
0.900552
0.312882
0.100502
0.816059
0.124779
0.879616
0.333124
1.38508
0.0864832
0.866534
0.386567
0.0595042
0.454348
0.118134
3.13984
0.713367
0.8801
0.891402
0.224283
1.52913
0.403572
0.168392
0.353968
0.685173
0.0235665
0.407377
0.446329
0.651745
1.12434
0.0651002
0.750848
0.180908
0.960348
0.00993783
0.197584
0.0997552
0.167164
0.24982
0.359053
0.444985
0.577784
0.000372886
1.12512
0.615478
0.856731
0.106942
0.277111
0.853238
1.37571
0.981366
1.19602
0.559772
0.439351
0.939731
0.174786
0.437324
0.369299
0.210147
0.200253
0.63941
0.122223
0.651415
0.0166564
0.0848618
0.293045
0.255683
0.381588
0.0452528
0.317914
0.0335069
0.678488
0.834038
0.212478
2.51317
0.230689
1.19538
0.745752
0.702395
0.766179
0.0715356
0.0453645
1.20731
0.126249
0.391008
0.809702
0.0995175
0.902779
0.198964
0.172048
0.432215
0.0418317
1.04506
0.0126798
0.00862777
1.57301
0.387473
1.27104
1.04574
0.444564
0.504057
0.166455
0.0249335
0.523866
0.0846851
0.897389
1.45591
0.06559
0.604613
0.209843
1.93069
1.2764
0.0693726
0.212213
0.0021152
0.918464
0.276018
0.30887
0.138696
0.216616
0.166976
0.793109
0.0865573
0.696182
1.32804
1.46853
0.859922
0.0787547
0.495822
0.0545051
0.12301
0.751793
0.289632
0.648208
0.0271233
0.114473
0.557998
0.207224
0.349153
0.84449
0.428868
1.15797
0.295483
0.10323
0.659183
0.164365
0.540919
0.79532
0.570659
0.188692
0.337109
0.417182
0.144127
1.82999
0.325929
0.702486
0.0651614
0.0591845
0.319651
0.598332
0.0536905
0.182526
0.592159
1.07972
0.475248
0.181076
0.167307
1.07395
1.22095
0.402461
0.82663
0.466042
0.367347
0.199802
0.136419
0.277321
0.230303
1.54867
1.14735
0.491273
0.0962036
0.479956
1.06623
0.602549
0.374274
0.158052
0.282527
3.7707
0.105879
0.0800581
0.811386
0.118172
0.0713973
0.211846
0.0385755
0.108487
0.735895
0.0098391
0.298481
0.532024
1.31155
0.551022
0.35456
0.0850799
0.0111294
0.00311549
1.4037
2.18031
1.65926
1.39398
0.136503
0.225512
0.158629
0.0648444
1.03024
0.325487
1.24427
0.492526
0.266954
1.12893
0.233802
0.102225
0.0777745
0.761843
0.253947
0.386398
0.495908
0.340344
0.0113594
0.237248
0.704847
2.62592
0.155284
0.234508
0.684018
0.491767
0.0362113
0.831499
0.497477
0.633154
1.42966
0.17494
0.601641
0.393516
0.896342
0.0436313
0.273436
0.0654274
0.634032
0.328876
0.191401
0.217967
0.262478
0.953372
0.199324
0.00473467
0.0377801
0.603568
0.0676445
0.0346063
2.06694
0.240331
1.20549
1.03743
1.99459
0.998891
0.0906217
0.561981
0.0826691
0.064361
1.11116
1.69757
0.131967
0.449184
0.808508
0.114709
0.126348
0.147838
2.05917
0.219521
0.662031
0.755335
0.388023
0.765246
0.383202
0.161495
0.584019
2.34276
0.896668
0.081414
0.906868
0.599874
0.730871
0.383162
0.0639665
0.726473
0.488084
0.883112
1.22005
0.311417
0.149274
0.84901
0.82439
0.433496
0.149088
1.1376
0.414175
1.05639
0.182027
1.11715
0.364286
0.25496
0.153594
1.60157
1.82278
0.0501874
0.337644
0.0461091
0.0290979
0.19537
0.967791
0.605552
0.377786
0.560509
2.23919
0.927606
0.0478955
0.515707
0.138601
0.307753
0.499036
0.52823
1.03393
0.162291
1.60293
1.18296
1.45435
0.746354
0.351207
0.461367
0.291198
0.689239
0.325647
1.90619
0.058178
1.6472
0.00702674
0.60195
0.360953
0.269039
0.719928
0.0555998
0.84344
0.558073
0.322063
0.754918
0.70753
0.828729
0.0168284
1.91425
0.246209
0.29662
0.314361
0.255716
2.26225
0.239529
0.280521
0.786508
0.637457
0.173332
0.51826
1.20625
0.343118
0.0389137
0.87356
0.187444
0.422657
0.132856
0.404827
0.353492
0.210505
1.10392
0.511868
1.3587
1.0892
1.05442
0.290552
0.177254
0.583299
0.287234
0.524903
0.681389
0.0607028
2.09234
0.0320613
0.22969
0.048249
0.352661
0.800843
0.44294
0.355449
0.00833606
0.351095
0.908881
0.892883
0.495104
0.00783173
0.0679391
0.297326
0.619315
2.38542
1.30549
0.122362
0.506522
0.0113162
1.18441
0.689553
0.506015
0.598944
0.00886364
1.12816
0.13054
0.0816124
0.266422
1.75028
0.718451
0.414272
0.630798
0.0934827
0.380312
0.0813105
0.0742024
0.666644
0.00659162
0.0536996
1.26071
0.18785
0.543099
0.00173596
0.515834
0.0227041
0.904072
0.123018
1.01757
1.03299
0.169502
0.671931
0.485611
0.4268
0.719931
0.00789415
0.124918
2.34288
0.10663
0.13822
1.579
0.0028402
1.77773
0.476148
0.0562431
0.625471
0.913381
0.0337718
0.784908
0.199508
0.942945
1.5786
0.106307
0.180119
1.32951
0.143037
0.439349
0.0857726
0.400754
0.496127
0.681606
0.398786
1.74418
0.0658096
0.0968974
0.0204114
0.426759
0.543995
0.593244
0.046725
0.880532
0.0695481
0.950178
0.739611
0.180721
0.222279
0.59495
0.616758
0.181617
0.492534
0.252274
0.623054
0.444339
0.0471818
0.104273
0.543282
0.578397
0.613634
0.0948226
0.0471646
0.177361
0.063647
0.311182
2.10403
0.187069
0.00355256
0.0920213
0.194496
1.08602
0.264568
0.64228
0.810396
0.076498
0.369291
0.0331973
0.193696
1.50065
0.292873
0.0788912
0.517003
0.183283
0.268823
0.178232
0.836078
0.807782
0.00972829
1.45246
0.708307
0.573131
0.901364
0.0703256
0.514436
0.00930152
0.0432957
0.285239
0.270814
0.294369
0.641232
0.59365
0.0503869
0.00773062
0.374277
0.0481823
0.140508
0.506106
0.49132
0.037579
0.11312
0.46199
0.00513931
0.479421
0.355489
0.647643
0.361469
0.215294
0.0280432
0.401711
0.724642
2.91607
0.298824
0.0965113
0.447452
0.572853
0.0616087
0.0825942
0.267688
0.422266
0.441633
2.75966
0.0533851
0.218896
0.385793
0.753309
0.763159
0.0451546
0.014495
0.189992
0.0802818
0.939199
0.314978
0.302063
0.61106
0.732533
0.782635
1.42066
0.353033
1.11909
0.226858
0.26122
0.937709
0.238358
0.0550591
1.25172
0.282707
0.397088
0.185969
0.512443
0.356021
0.163696
0.653678
0.0496989
0.322331
0.139964
0.194892
0.339054
0.294836
0.337115
0.156064
0.5773
0.175703
0.983857
0.54939
0.107032
0.559064
0.717581
0.325368
0.889043
0.319426
0.755468
0.0925159
0.284132
0.166866
0.493176
0.436739
0.0897055
0.188126
1.51594
0.374527
1.31288
0.151181
0.318842
0.437562
0.230478
0.565856
1.63646
0.493124
1.79714
0.168993
0.446263
0.429302
0.687127
0.748467
0.0448088
0.952926
0.00583978
0.407284
0.148007
0.0306422
0.742592
2.49645
0.218328
0.24904
0.109441
0.453846
0.748505
0.142812
0.550912
0.592523
0.479969
0.41877
1.52
0.0334836
0.408165
0.245869
1.4933
0.0199412
0.465295
0.0678167
0.383935
0.427844
0.0942878
0.0341962
0.00248856
0.794953
2.68547
0.423681
0.461186
0.35041
0.265474
0.369384
0.522566
0.0831405
0.313125
0.309533
0.721578
0.811728
0.223618
1.68348
0.573293
0.377343
0.722916
0.656158
0.0852854
0.842221
0.297521
1.06853
0.312033
0.248884
0.740704
2.93743
3.35081
0.0417127
0.3656
0.216026
0.312353
0.032021
0.413088
1.05384
0.0847584
0.0844476
1.10013
0.21994
0.898477
0.380749
0.309625
0.179677
0.605056
0.275471
0.26914
0.0507627
1.63443
0.163288
0.0629277
0.853232
0.329468
1.17686
0.402474
0.180209
0.0211361
0.0361584
0.410973
1.22684
0.566162
0.0367211
0.269378
0.392656
0.495343
0.763197
0.149672
0.195188
0.226183
0.537417
0.944057
0.397277
0.118028
0.121165
0.105419
0.207338
0.0394187
0.324712
0.32469
0.352032
0.716296
1.1362
1.15355
0.0706906
0.231833
0.131274
0.761817
0.245955
0.186207
1.16298
0.418164
0.0273721
0.24612
0.191508
0.081941
0.150094
0.348154
0.543323
0.0294892
1.55549
0.270259
0.533392
1.50108
0.442523
0.0846588
0.760877
3.35367
0.34654
0.301531
0.331901
0.435192
0.404902
0.897741
0.921538
0.899197
0.31878
0.720124
0.103066
0.39419
0.237044
0.256519
0.125812
1.10052
0.0473692
0.297769
0.0475059
0.353939
0.470615
0.441702
1.2123
0.282091
0.198012
0.00437473
0.173625
0.218389
0.309166
0.396955
0.188741
0.663569
0.116692
1.14952
0.312868
0.15123
0.0578656
0.283678
0.0363686
0.0763821
0.0738505
0.052918
0.548454
0.700704
0.0042037
1.41547
0.993612
0.0670876
0.113002
0.559808
0.0860077
0.733204
0.116453
1.09747
0.133498
0.217387
0.334933
0.19885
0.120662
0.634632
0.537587
0.730337
0.251196
0.684442
0.248098
2.01703
1.38531
0.401482
0.377545
0.187673
0.0197618
0.394339
1.34084
0.196464
0.0340833
0.847648
0.366734
0.0309451
0.0841736
0.233997
0.0327691
0.239187
0.77984
0.642191
0.0917675
1.20652
0.9124
0.174897
2.29768
0.0352537
0.415939
0.116047
0.0920388
0.590432
0.0560986
1.0615
0.32141
0.728301
1.26923
2.33679
0.572298
0.650881
0.611715
0.156682
0.083752
1.05041
0.163037
0.517634
0.524162
0.244457
1.33483
0.131435
0.947824
0.243044
0.704943
0.531151
0.0539113
0.534165
0.282694
0.130443
1.07219
0.27178
2.2215
0.325057
0.324811
0.6067
0.0152453
0.331806
0.241797
0.858266
1.37588
0.471462
1.31553
0.282002
0.374967
0.0172932
0.464962
0.602165
0.599769
0.522595
0.504321
0.0251753
0.369593
0.792667
0.136053
0.00189897
0.196563
0.213459
0.066766
0.498262
0.124713
0.497951
0.632769
0.0379773
0.495935
0.587598
0.428608
0.563685
0.142251
0.262285
0.392736
0.117198
0.00103235
1.47836
0.070202
0.564887
0.308632
0.0327548
0.442346
0.132858
0.125
0.666573
0.122255
0.566016
0.718748
0.545194
0.25813
0.027259
0.155229
0.0459705
0.945802
0.90571
1.22097
0.316792
0.395231
0.124749
0.0711681
0.353549
1.49143
2.41983
0.209514
2.89239
1.07002
0.345132
0.5078
0.0189397
0.53138
0.123901
1.64891
0.0415241
1.14655
0.271808
0.138111
0.193293
0.498672
0.255615
2.0198
1.36552
0.0105066
0.947424
0.954322
0.539644
0.245794
0.754644
0.627195
0.123843
1.25085
0.404906
0.514589
0.04505
0.444342
0.375889
0.251374
0.0522709
0.868338
0.70581
0.997826
0.267604
0.224624
0.187302
2.34639
0.182823
0.927697
0.600611
0.528778
0.185246
0.480131
0.93514
0.00703869
0.114852
0.155494
0.117853
0.945096
0.215525
0.219383
0.30925
0.202537
0.958795
1.07832
0.154087
0.816031
0.0463694
1.98288
0.548199
2.23424
0.0324041
0.17437
0.397246
0.11097
0.0604448
0.479273
0.618647
0.000911332
0.313229
0.123884
0.00671358
0.949373
0.0611441
0.266259
0.0778
0.105321
0.425896
0.852291
0.299316
0.374375
1.43762
0.994838
0.24459
1.86587
0.925512
2.74545
0.0227591
0.71731
0.561586
0.0608461
0.165776
0.114694
0.663919
0.635821
1.41517
0.544326
0.555696
0.165198
0.546461
1.52703
0.755777
0.199223
0.816939
0.651958
0.519268
0.706109
1.28358
0.20853
0.506679
0.946416
0.245025
0.534794
0.643166
0.373015
0.410629
0.21486
0.0882028
0.180943
0.0437044
0.0868446
0.350441
0.325416
0.705242
0.491035
0.311258
0.0130145
0.347431
0.747251
0.0650566
0.636818
1.34628
0.178857
1.77728
1.79136
0.00739269
0.573777
0.188221
1.09022
0.187216
0.807002
0.340111
0.018507
0.205336
0.353935
0.32478
0.304651
0.332109
0.540051
0.16606
0.221507
0.0387496
0.076689
0.666794
0.0306766
1.71256
0.202073
0.0510952
0.507136
0.174337
0.406639
4.11493
0.792234
0.726229
0.00117859
0.152841
0.29913
0.04382
0.464421
0.013697
0.390426
1.40899
0.256533
0.673806
0.40488
0.0613631
0.939763
0.336072
0.155614
0.0906549
0.479889
0.0972565
0.117532
0.11623
0.219122
0.0168854
0.213033
0.174329
1.19254
2.00197
0.329079
1.08904
0.371585
0.20891
1.02381
1.25668
0.361862
0.238019
0.41482
1.54003
1.11613
0.109599
1.59821
1.37113
0.320341
0.321925
0.0424449
0.0203556
1.47186
0.393107
0.0381226
0.0557185
0.276848
0.191984
0.263544
0.0958755
1.4123
0.403917
0.199599
0.478437
0.284865
1.69463
2.06822
0.212739
0.600621
0.571875
0.830743
0.519716
0.794048
0.388243
0.475254
0.0339356
0.288869
0.661197
1.05207
1.32006
0.946159
0.17483
0.783497
1.30118
0.430412
1.31963
0.333534
0.18447
0.786294
0.569806
0.00443169
0.0913904
0.394234
1.59127
0.340771
0.186462
0.340253
0.253126
0.0365297
0.136531
0.458295
0.0281745
1.87248
0.604684
0.179468
0.316941
0.255644
0.22441
0.507892
0.0237579
0.384083
0.0235469
0.98919
0.177939
0.223006
0.0473757
0.0029245
0.27723
0.48474
0.163151
1.30225
0.660385
0.408473
1.04724
0.187717
0.261967
0.887422
0.150013
0.0915747
0.0657585
0.0905973
0.497299
0.142408
2.94584
0.131996
0.205812
2.28271
0.246873
0.127337
0.166049
0.243367
0.0240044
0.558262
1.25388
0.20971
0.043966
1.65914
0.215227
0.00109642
0.194112
0.0470455
0.0100501
0.380689
0.300319
0.057528
0.34084
1.09724
0.41185
0.874732
0.91123
0.0193361
0.338418
0.109394
0.0453462
0.0877983
0.391779
1.41906
0.185397
0.190322
0.0121289
1.09541
0.734897
0.0389039
0.0776301
0.371872
0.561591
0.487904
0.689261
0.162647
0.0105815
0.905936
0.256833
0.00285685
0.0185083
0.855636
0.183478
0.117585
0.622206
0.268913
0.43288
0.317053
1.31554
0.103726
0.215722
0.443367
0.562448
0.222649
0.129531
1.71457
1.02548
0.137135
0.451698
0.586227
0.154262
0.459858
0.142218
0.887886
1.42889
0.384502
1.09627
0.325466
1.2584
0.163301
1.50037
2.0096
0.20141
0.33991
0.159818
1.22456
0.63759
0.388787
0.0651381
0.142765
1.18386
0.109751
0.0239356
0.155222
1.64311
0.224697
0.0459085
0.559314
0.749657
0.121573
0.870409
0.283729
0.619672
0.222322
0.733691
0.885241
0.955347
0.267261
0.461824
0.138204
0.224469
0.455074
0.700398
0.0713091
0.263323
0.717445
0.864444
0.735345
0.118935
0.259922
0.21535
0.082432
0.529885
0.0813114
0.279547
0.536976
0.00716943
0.104771
0.533896
1.27803
0.16315
0.113327
1.37319
0.269501
0.39421
0.13959
0.481733
0.150707
0.0159931
0.0460076
0.335741
0.677992
0.0896131
0.413663
0.0507378
0.0368172
0.160247
0.201122
1.30946
0.887973
0.236505
0.534223
1.28371
0.551207
0.396709
0.494888
0.927508
0.581741
0.253198
0.223301
1.74048
0.04051
0.070791
0.535185
0.526886
0.292019
0.624132
0.521912
0.114888
0.222266
0.470093
1.10508
0.51714
0.535442
0.516161
0.293301
0.720275
1.20327
0.280866
0.26284
0.0304504
0.519604
1.18731
0.288113
0.000380108
0.766739
0.315763
0.623849
0.0749164
0.761206
