0.53734
1.87145
9.06464
10.821
11.1293
12.3755
17.5983
19.0362
19.2046
20.3854
26.0991
33.3213
33.3879
34.0111
34.3371
37.3071
41.2459
42.6126
45.9146
47.2912
50.8801
51.0011
51.4326
51.7962
51.9645
53.2367
53.3662
55.8102
57.7144
58.5385
59.8873
60.3452
60.4062
61.4561
61.618
61.9962
62.3814
62.5876
63.3399
63.3977
65.0381
65.2082
65.4474
66.5764
68.8011
68.9514
71.2075
71.7844
72.359
73.8528
75.3039
77.3906
78.9104
85.1898
85.3625
86.5405
86.6
87.0792
87.2536
88.2353
98.8356
99.8447
110.201
111.025
114.118
116.385
116.505
117.92
118.142
118.307
118.505
123.869
124.45
126.103
127.086
128.73
128.964
129.659
129.814
130.231
130.753
131.688
131.783
132.54
132.634
141.009
141.401
147.283
148.824
150.249
154.106
154.413
155.932
157.056
160.574
161.726
162.192
162.833
163.73
164.718
164.895
165.578
166.184
167.392
168.273
168.327
168.531
169.023
169.479
178.295
178.954
180.201
180.655
180.899
181.218
182.145
182.252
182.27
182.291
182.568
182.968
183.376
183.643
185.468
185.645
196.973
197.722
199.284
213.339
220.071
226.395
228.726
229.05
232.943
233.461
233.489
233.641
234.664
235.212
237.524
244.743
245.257
247.058
247.671
247.965
250.388
252.294
252.485
254.896
257.855
258.57
264.602
273.012
274.22
274.753
274.989
275.014
288.237
291.257
295.085
301.923
307.251
307.66
307.924
308.107
308.658
316.91
317.075
325.894
326.534
327.08
327.105
327.611
331.187
331.555
331.736
332.578
332.794
333.371
334.218
339.273
344.201
349.676
354.501
362.495
368.011
372.29
380.404
380.812
380.853
385.211
385.897
388.784
390.492
391.479
392.976
393.401
393.808
394.149
394.264
394.424
394.539
394.7
395.263
395.802
397.13
410.785
411.007
411.294
413.544
416.885
417.457
417.504
418.762
422.59
427.934
428.658
429.112
431.818
438.604
440.51
440.963
441.062
441.643
447.632
456.788
457.389
457.817
458.149
461.225
467.884
474.869
474.95
485.474
488.903
489.449
500.53
500.551
500.566
502.175
502.444
502.612
502.754
503.196
511.586
512.987
513.186
513.438
519.944
521.173
522.599
533.734
535.414
540.131
543.321
544.115
544.61
549.627
552.014
561.167
561.557
563.499
564.329
564.484
564.499
565.237
566.078
567.66
570.604
570.869
571.267
582.188
585.263
590.022
590.187
592.565
595.55
597.683
597.726
600.403
600.483
610.292
612.929
614.119
614.245
620.686
621.968
622.032
622.372
624.992
625.544
625.708
625.718
626.15
626.492
626.831
634.866
642.125
644.808
644.914
650.014
657.789
662.136
663.218
666.071
666.329
666.338
666.861
668.747
669.676
669.787
671.824
672.336
673.043
673.503
673.577
673.827
691.715
692.888
700.711
701.926
702.217
702.399
710.482
712.353
721.463
728.752
729.02
729.935
731.15
731.338
736.542
737.229
740.472
740.951
742.314
742.399
742.541
747.892
748.196
748.631
748.885
749.111
749.177
749.544
750.547
750.729
755.074
758.534
760.438
761.327
764.017
764.402
765.185
766.31
766.402
766.596
768.239
773.786
776.1
777.206
777.276
778.681
779.692
780.951
782.685
782.895
783.068
788.813
797.674
799.179
799.391
799.774
799.863
800.544
802.446
803.155
803.339
803.576
805.037
805.076
806.673
806.804
808.347
808.585
808.801
810.335
810.802
814.98
815.456
815.74
817.68
817.973
818.834
818.907
830.538
830.624
831.179
837.096
839.484
844.741
844.924
846.274
846.296
846.891
846.927
847.21
849.814
849.905
850.049
851.173
855.603
856.1
856.101
864.55
864.761
875.527
879.806
882.146
883.475
886.456
891.941
896.572
900.185
903.749
904.662
904.713
912.699
913.607
913.756
914.26
915.331
915.542
919.201
919.272
926.722
926.825
927.592
927.975
927.994
928.036
929.338
934.77
934.933
936.14
937.556
937.85
942.866
943.002
943.317
943.402
944.171
945.022
946.716
946.997
948.472
949.121
950.395
950.632
950.779
950.792
951.064
952.097
953.038
953.399
953.602
954.717
955.161
955.541
956.23
957.058
957.137
958.236
958.436
958.455
958.637
958.85
958.96
965.095
965.224
965.881
966.295
966.657
968.853
969.193
969.573
972.188
972.779
976.389
980.7
980.805
981.387
982.434
982.752
983.064
983.152
984.116
984.69
985.489
986.286
986.4
1001.78
1013.71
1014.18
1014.82
1015.67
1023.03
1032.12
1037.91
1038.26
1039.37
1039.87
1040.04
1042.65
1042.9
1047.61
1052.12
1054.55
1054.77
1054.79
1055.03
1055.21
1055.75
1056.15
1057.26
1057.5
1057.95
1061.9
1063.45
1071.77
1075.63
1076.71
1077.01
1082.08
1115.59
1115.77
1123.28
1127.74
1127.79
1128
1130.93
1139.99
1140.69
1140.97
1141.24
1141.45
1143.72
1143.93
1144
1144.45
1152.91
1154.39
1154.79
1155.05
1155.1
1156.07
1156.26
1156.91
1157.13
1157.84
1157.89
1159.6
1160.19
1160.32
1160.48
1163.01
1166.99
1167.1
1173.08
1174.85
1175.83
1175.94
1181.95
1182.3
1182.77
1183.81
1184.65
1184.9
1185
1186.66
1187.84
1191.2
1192.09
1195.26
1199.11
1200.56
1200.71
1200.99
1202.88
1203.05
1207.15
1208.86
1209.32
1209.94
1210.59
1211.12
1211.63
1212.02
1216.08
1216.2
1217.58
1217.67
1218.08
1232.5
1234.07
1234.61
1235.27
1235.61
1236.1
1236.95
1237.28
1237.32
1237.88
1238.44
1238.49
1238.56
1239.31
1239.52
1239.73
1243.33
1246
1246.25
1254.05
1254.14
1254.19
1254.2
1256.02
1257.59
1257.62
1258.09
1259.1
1259.45
1262
1263.77
1266.32
1266.74
1266.75
1266.91
1266.96
1267.55
1267.72
1267.96
1268.2
1268.94
1269.64
1269.83
1269.98
1270.2
1270.98
1271.38
1274.96
1276.53
1278.58
1279.3
1279.39
1279.55
1279.69
1279.71
1280.74
1280.97
1284.16
1284.9
1284.95
1285.36
1287.03
1287.29
1287.54
1288.46
1299.1
1303.7
1305.16
1305.38
1305.62
1305.62
1305.64
1308.59
1311.93
1317.68
1317.79
1318.47
1318.73
1318.83
1319.93
1320.47
1321.31
1321.78
1321.93
1325.16
1325.29
1333.16
1333.36
1334.45
1334.75
1337.79
1340.68
1345.23
1351.13
1354.06
1358.09
1365.14
1389.21
1389.3
1392.37
1400.37
1400.7
1412.05
1412.66
1413.55
1414.74
1415.23
1415.27
1415.36
1415.63
1416.02
1416.31
1416.33
1416.37
1416.55
1416.64
1417.31
1418.4
1422.87
1426.56
1428.83
1429.33
1429.73
1432.92
1437.51
1437.89
1438
1440.59
1441.59
1442.38
1443.18
1443.21
1445.33
1445.44
1445.58
1458.45
1459.32
1459.66
1461.26
1461.93
1462.39
1463.54
1463.95
1464.23
1464.51
1467.84
1477.02
1479.43
1479.46
1479.48
1480.92
1481.44
1484.91
1486.83
1490.57
1494.66
1496.62
1499.23
1499.77
1500.64
1500.74
1501.25
1501.69
1504.28
1504.29
1504.63
1505.74
1506.67
1507.68
1510.28
1518.43
1520.1
1520.31
1521.8
1523.31
1523.33
1523.78
1523.92
1524.18
1530.53
1531.01
1531.17
1531.68
1534.13
1538.7
1541.28
1547.75
1548.42
1551.94
1562.9
1565.19
1566.52
1567.97
1569.01
1575.8
1578.94
1580.41
1583.07
1583.23
1583.33
1584.25
1584.52
1585.5
1586.47
1586.48
1586.95
1587.25
1587.27
1593.77
1596.39
1597.58
1598.15
1598.73
1605.13
1605.93
1609.55
1609.89
1609.99
1610.66
1610.87
1612.59
1618.7
1618.79
1623.08
1629.14
1629.28
1630.05
1637.34
1638.91
1643.83
1644.87
1645.04
1647.54
1647.89
1648.25
1651.38
1651.38
1651.48
1652.8
1653.22
1654.26
1654.44
1654.79
1656.59
1656.65
1657.23
1657.24
1659.83
1660.6
1662.19
1662.42
1662.81
1663.37
1663.68
1663.8
1664.38
1666.71
1669.56
1670.78
1671.25
1671.96
1675.47
1683.01
1683.67
1683.73
1688.76
1689.33
1691.01
1694.54
1699.47
1699.63
1700.79
1701.34
1710.12
1710.66
1726.52
1727.84
1729.08
1731.53
1732.08
1732.23
1735.21
1735.44
1735.79
1736.06
1736.46
1737.31
1742.14
1742.53
1743.1
1745.14
1748.43
1751.53
1751.73
1751.87
1753.4
1753.72
1754.4
1754.83
1754.98
1755.11
1755.14
1755.73
1761.82
1761.87
1764.49
1773.45
1783.53
1785.94
1786.44
1801.71
1807.23
1807.29
1811.93
1812.44
1813.86
1817.17
1818.27
1818.74
1818.95
1820.18
1820.53
1828.76
1829.07
1832.36
1832.78
1836.96
1837.43
1837.63
1838.34
1838.73
1839.74
1851.44
1859.19
1860.51
1860.95
1861.21
1861.31
1865.21
1873.03
1874.89
1875.08
1877.86
1879.68
1879.74
1884.02
1885.03
1885.36
1885.67
1885.92
1886.3
1886.38
1888.88
1889.15
1896.69
1902.13
1906.2
1906.48
1906.87
1907.35
1907.49
1909.74
1916.6
1923.68
1925.33
1925.51
1930.61
1939.2
1939.21
1939.31
1939.71
1940.29
1942.59
1948.47
1948.86
1956.48
1956.95
1959.12
1960.82
1960.84
1961.12
1962.77
1963.02
1963.29
1963.33
1963.69
1967.97
1968.85
1971.64
1971.99
1973.47
1973.63
1976.9
1977.97
1979.71
1979.84
1979.94
1980.12
1982.49
1982.93
1983.43
1986.03
1986.51
1986.77
1999.06
2001.62
2003.41
2012.24
2013.59
2016.7
2029.55
2030.2
2030.84
2031.29
2031.82
2033.16
2033.37
2034.96
2037.76
2037.87
2043.38
2043.84
2045.67
2045.82
2046.4
2046.46
2046.47
2047.92
2051.41
2059.85
2062.16
2064.65
2064.89
2068.12
2070.11
2079.39
2083.31
2092.83
2092.95
2093.24
2093.41
2093.89
2094.5
2094.9
2100.45
2104.82
2105.96
2106.25
2108.29
2109.72
2112.55
2115.72
2116.12
2119.63
2120.45
2121.04
2121.38
2127.77
2128.26
2130.41
2130.55
2136.95
2140.45
2140.82
2142.36
2144.43
2148.29
2163.67
2170.02
2176.8
2177.9
2178.27
2179.32
2179.98
2180.01
2180.03
2180.29
2180.89
2181
2182.9
2189.47
2190.97
2191.49
2191.76
2199.91
2201.86
2202.52
2203.09
2203.77
2204.11
2205.09
2205.88
2205.99
2206.49
2207.59
2211.86
2212.73
2212.74
2212.8
2212.9
2214.34
2216.55
2217.26
2230.58
2230.93
2232.74
2244.37
2248.55
2257.7
2259.2
2259.28
2259.43
2261.82
2265.8
2267.85
2269.05
2269.68
2271.03
2271.17
2271.49
2271.58
2285.1
2291.19
2295.47
2299.01
2299.71
2299.83
2301.81
2301.82
2302.47
2302.8
2303.9
2304.1
2312.27
2312.67
2314.62
2316.89
2316.99
2317.77
2317.82
2319.24
2320.01
2320.37
2322.15
2331.49
2331.57
2332.06
2332.39
2334.2
2334.61
2334.98
2337.28
2339.69
2346.79
2347.15
2347.17
2347.32
2349.24
2350.16
2350.64
2350.99
2351.76
2352.05
2352.86
2354.92
2355.61
2355.82
2356.22
2356.46
2360.39
2361.13
2361.58
2361.8
2363.89
2368.13
2370.82
2371.41
2372.45
2376.33
2384.6
2387.67
2388.7
2406.08
2407.07
2408.13
2408.16
2408.3
2414.73
2415.84
2416.07
2416.33
2416.94
2419.99
2420.7
2421.81
2422.82
2422.82
2424.43
2424.99
2425.64
2427.3
2429.94
2433.94
2434.73
2436.36
2436.76
2442.57
2447.3
2448.91
2449.8
2449.87
2450.38
2450.78
2451.13
2451.38
2452.15
2452.66
2452.66
2452.87
2453.21
2467.28
2467.8
2468.12
2469.9
2476.1
2476.22
2476.3
2476.84
2478.03
2480.79
2492.68
2496.14
2497.86
2498.22
2499.89
2500.06
2501.49
2501.73
2502.13
2508.4
2508.64
2509.16
2509.21
2509.51
2510.63
2510.7
2510.75
2518.66
2520.12
2521.66
2522.77
2522.98
2523.74
2523.78
2524
2529.04
2529.46
2529.49
2529.52
2529.56
2529.89
2530.07
2532.4
2533.66
2533.84
2534.98
2535.24
2535.98
2536.06
2536.37
2536.9
2539.47
2539.85
2541.32
2541.34
2544.75
2557.92
2562.64
2564.12
2564.42
2569.84
2570.61
2571.26
2572.33
2572.37
2577.46
2588
2592.41
2594.78
2596.03
2596.23
2597.25
2597.61
2597.69
2597.99
2599.64
2602.21
2603.08
2609.14
2611.33
2612.83
2614.42
2615.61
2615.75
2615.99
2616.05
2616.37
2617.03
2617.86
2618.4
2619.77
2619.99
2620.27
2620.43
2621.32
2630.05
2630.56
2631.07
2631.56
2634.67
2635.19
2643.56
2645.66
2646.55
2649.98
2653.81
2654.85
2661.97
2663.33
2670.18
2678.65
2679.17
2679.94
2680.22
2689.34
2696.37
2696.38
2706.21
2710.83
2711.08
2711.44
2711.69
2716.62
2721.28
2723.94
2730.86
2732.27
2735.86
2736.58
2736.72
2736.83
2742.37
2742.81
2743.29
2743.53
2744.09
2744.32
2745.14
2745.14
2746.43
2746.77
2746.78
2748.26
2749.07
2760.85
2760.98
2761.47
2761.71
2765.38
2770.18
2773.42
2773.65
2774.41
2778.99
2779.5
2781.42
2781.9
2785.97
2790.3
2791.21
2792.77
2792.81
2793.95
2794.3
2798.77
2800.28
2800.75
2800.86
2802.34
2802.93
2803.04
2804.38
2805.02
2805.56
2805.94
2806.14
2806.4
2806.57
2807.02
2808.66
2811.38
2824.47
2825.53
2825.79
2826.02
2827.22
2827.68
2836.16
2837.92
2838.55
2843.65
2844.19
2845.42
2848.53
2849.06
2854.6
2857.59
2857.93
2858.23
2858.37
2858.37
2859.37
2867.67
2868.08
2870.48
2871.07
2871.24
2871.97
2872.38
2872.92
2885.02
2890.04
2890.43
2890.62
2890.78
2891.16
2891.97
2893.03
2894.56
2894.8
2899.08
2899.18
2902.22
2903.07
2903.11
2903.27
2905.02
2915.07
2922.8
2923.97
2924.9
2925.01
2926.23
2926.34
2930.32
2931.5
2931.61
2932.1
2933.02
2942.31
2943.6
2948.79
2958.93
2961.6
2961.61
2972.86
2985.84
2986.16
2994.98
2995.04
2996.3
2996.73
2996.78
2997.4
3000.2
3001.74
3008.39
3008.96
3015.14
3015.38
3018.07
3018.5
3018.57
3020.78
3025.08
3026.33
3026.52
3027.34
3027.91
3032.96
3033.27
3033.9
3042.07
3044.52
3051.65
3052.52
3052.6
3053.88
3054.12
3056.37
3056.57
3056.6
3057.06
3057.09
3057.21
3057.33
3057.49
3058.07
3062.09
3067.95
3068.11
3068.26
3069
3069.77
3071.02
3071.05
3076.02
3076.19
3076.2
3085.91
3086.98
3090.35
3092.25
3098.89
3105.07
3107.39
3108.84
3108.92
3111.18
3115.48
3116.07
3119.11
3120.4
3120.89
3121.61
3121.62
3121.67
3129.19
3130.22
3130.36
3132.7
3146.57
3149.28
3149.36
3149.82
3152.41
3152.72
3154.11
3156.25
3156.37
3156.71
3156.9
3159.16
3159.43
3159.72
3160.18
3160.38
3161.32
3161.55
3168.1
3169.91
3175.49
3176.45
3177.16
3179.87
3180.76
3180.91
3181.33
3181.44
3181.96
3186.76
3187.96
3188.07
3188.07
3188.43
3188.45
3189.04
3192.1
3192.38
3193.84
3195.98
3199.96
3199.99
3201.27
3214.73
3215.18
3215.64
3220.43
3220.66
3224.58
3227.26
3227.59
3227.97
3236.81
3237.48
3238.42
3241.63
3243.74
3244.34
3244.88
3249.81
3250.13
3255.26
3255.51
3256.13
3257.07
3259.19
3264.65
3264.72
3264.94
3264.98
3268.58
3270.08
3272.5
3278.71
3284.54
3285.06
3287.94
3299.03
3303.2
3303.24
3304.12
3304.15
3304.68
3308.18
3308.6
3308.67
3309.25
3315.27
3315.61
3317.59
3320.26
3321.42
3321.69
3322.2
3322.29
3322.52
3323.12
3323.19
3327.08
3327.14
3327.96
3327.99
3328.1
3329.17
3329.8
3333.45
3333.54
3333.58
3336.34
3338.06
3340.25
3348.32
3349.31
3353.09
3356.63
3376.73
3377.88
3380.81
3396.51
3396.97
3398.08
3398.94
3399.04
3400.88
3401.06
3401.51
3401.63
3405.02
3405.18
3406.51
3407.31
3407.93
3409.4
3410.73
3410.74
3416.28
3417.12
3417.6
3418.27
3427.32
3428.06
3430.72
3437.66
3438.12
3438.79
3440.33
3440.74
3440.76
3440.78
3443.7
3445.43
3448.3
3451.23
3454.72
3458.78
3462.9
3464.74
3465.53
3465.56
3465.79
3466.23
3470.88
3471.17
3471.31
3483.73
3483.74
3485.77
3491.39
3492.4
3492.9
3495.41
3495.98
3496.65
3496.89
3499.15
3499.55
3501.11
3501.27
3506.9
3509.86
3514.92
3519.93
3521.17
3529.08
3529.44
3530.91
3532.07
3532.95
3533.4
3533.99
3534.55
3534.87
3534.94
3536.56
3538.97
3539.53
3544.29
3545.25
3546.93
3547.21
3547.23
3547.54
3547.81
3549.37
3550.76
3550.79
3554.84
3555.94
3559.76
3561.26
3562.16
3562.31
3562.7
3564.82
3572.31
3572.43
3573.64
3580.6
3583.39
3584.48
3590.82
3591.71
3592.47
3594.6
3594.83
3600.64
3600.9
3610.25
3611.99
3612.12
3612.13
3620.12
3623.11
3625.24
3625.26
3626.85
3627.52
3627.97
3631.54
3631.66
3637.46
3641.38
3641.42
3646.37
3646.58
3646.66
3647.72
3648.33
3649.66
3649.98
3650
3650.08
3650.89
3653
3654.69
3655.01
3655.33
3661.65
3661.83
3663.26
3663.5
3663.62
3664.06
3669.91
3669.94
3669.95
3670.02
3670.74
3670.84
3671
3671.22
3674.68
3675.44
3677.35
3686.64
3688.23
3688.67
3689.8
3690.83
3692.75
3696.17
3696.19
3697.96
3700.75
3702.51
3703.59
3703.95
3707.67
3708.14
3709.13
3711.06
3724.26
3727.43
3727.54
3727.91
3728.3
3728.85
3730.08
3731.19
3731.41
3731.96
3732.65
3732.78
3734.29
3745
3746.39
3746.92
3747.55
3747.87
3748.73
3750.04
3750.06
3760.71
3764.57
3765.94
3769.47
3769.7
3770.03
3770.07
3770.71
3771.29
3774.47
3774.77
3782.07
3783.2
3785.28
3785.29
3786.11
3787.09
3787.15
3787.29
3787.98
3788.18
3788.6
3789.9
3790.16
3791.86
3792.21
3794.64
3802.53
3808.34
3808.64
3809.92
3810.88
3811.04
3811.88
3811.93
3812.23
3812.44
3812.96
3814.62
3816.42
3817.39
3817.45
3817.49
3822.3
3823.15
3823.39
3824.37
3828.3
3843.41
3843.61
3844.7
3844.71
3852.73
3853.32
3854.1
3855.78
3858.96
3858.97
3859.31
3863.3
3864.2
3864.43
3865.44
3868.16
3872.09
3872.54
3877.66
3879.48
3883.69
3883.77
3884.12
3884.21
3884.32
3884.72
3884.83
3884.86
3885.13
3891.97
3892.51
3897.29
3899.27
3899.74
3901.62
3901.96
3902.01
3902.29
3910.28
3913.7
3914.36
3916.69
3918.35
3918.69
3919.57
3921.24
3924.69
3926.31
3928.36
3935.16
3936.07
3946.12
3947
3952.7
3956.05
3956.32
3956.4
3956.9
3957.42
3958.82
3965.34
3966.3
3967.06
3969.52
3969.62
3970.01
3972.51
3979.38
3979.71
3980.99
3982.51
3988.09
3988.22
3988.7
3990.76
3990.76
3991.36
4002.41
4002.49
4004.39
4004.58
4005.75
4006.65
4015.7
4016.52
4019.02
4019.47
4022.15
4025.28
4025.93
4026.59
4028.53
4031.25
4031.69
4031.87
4034.3
4035.69
4037.73
4038.85
4039.59
4039.96
4040.35
4040.59
4040.6
4043.06
4057.28
4058.48
4058.52
4064.65
4065.79
4066.25
4066.3
4066.43
4066.95
4069.58
4072.44
4072.51
4074.56
4080.49
4082.3
4087.91
4088.48
4089.02
4092.6
4093.32
4094.19
4094.26
4094.28
4094.61
4098.39
4098.97
4099.82
4100.56
4107.66
4112.29
4112.3
4115.73
4115.86
4122.92
4123.65
4124.27
4124.66
4125.9
4126.74
4128
4129.5
4129.72
4129.76
4130.31
4131.82
4132.14
4132.76
4133.27
4133.65
4134.49
4135.5
4135.82
4136.09
4136.33
4136.7
4137
4137.86
4137.92
4143.85
4145.92
4146.29
4146.54
4146.65
4147.38
4147.47
4147.56
4156.68
4166.05
4166.12
4167.12
4175.11
4177.27
4179.85
4180.47
4180.72
4182.65
4183.76
4184.21
4184.85
4184.93
4185.85
4185.86
4186.31
4186.75
4187.55
4187.58
4187.75
4187.77
4188.55
4190.38
4190.39
4191.71
4192.38
4194.35
4194.59
4195.69
4195.81
4196.42
4201.33
4212.81
4214.47
4214.6
4219.95
4223.28
4232.07
4232.4
4234.01
4235.98
4239.45
4240.34
4246.09
4248.46
4252
4283.03
4285.47
4286.15
4286.66
4287.43
4287.82
4287.87
4288.73
4288.95
4289.37
4289.52
4289.53
4290.11
4291.9
4292.13
4292.18
4292.87
4292.93
4294.17
4306.9
4307.07
4307.79
4308.09
4317.38
4318.98
4319.75
4322.67
4322.69
4323.18
4323.21
4323.49
4325.45
4325.6
4326.04
4326.73
4327.72
4328.41
4328.57
4329.46
4330.29
4330.7
4330.87
4331.37
4331.94
4332.54
4333.74
4334.08
4335.53
4336.61
4337.74
4339.69
4341.33
4348.16
4348.33
4348.83
4348.89
4349.24
4350.14
4351.38
4351.52
4354.6
4354.76
4355.36
4359.84
4360.33
4361.31
4361.68
4363.91
4389.05
4389.84
4391.25
4392.28
4393.48
4396.82
4397.93
4399.08
4405.89
4406.19
4422.38
4426.76
4427.56
4432.16
4434.24
4434.57
4436.03
4436.48
4437.17
4437.62
4438.93
4441.48
4441.75
4442.2
4442.53
4458.67
4458.98
4466.91
4467.65
4468.02
4469.63
4472.87
4474.02
4474.71
4474.83
4475.14
4475.67
4477.43
4477.47
4477.99
4478.15
4478.63
4481.49
4491.1
4491.97
4497.12
4498.16
4498.49
4499.5
4507.65
4514.13
4515.41
4516.24
4516.94
4526.38
4527.27
4527.76
4529.37
4529.57
4537
4540.11
4540.85
4542.8
4545.39
4545.42
4548.63
4548.98
4548.99
4552.74
4553.52
4555.15
4555.5
4556.2
4556.42
4556.5
4556.53
4557.62
4561.63
4562.59
4563.03
4563.04
4564.32
4565.36
4571.06
4574.27
4579.14
4579.97
4580.48
4589.1
4589.92
4590.35
4590.38
4590.43
4592.89
4592.99
4593.11
4596.95
4597.2
4599.77
4600.1
4600.8
4601.43
4602.24
4603
4608.32
4609.6
4610.37
4611.5
4611.52
4611.58
4612.47
4615.33
4619.2
4620.43
4622.06
4622.76
4627.29
4628.92
4630.56
4630.57
4630.83
4631.26
4633.78
4633.92
4634.24
4634.31
4634.38
4634.99
4636.4
4637.62
4638.48
4638.77
4639.99
4640.75
4640.98
4644.74
4647.21
4647.4
4647.98
4651.82
4652.42
4654.72
4657.28
4658.06
4658.53
4658.55
4658.8
4658.99
4659.63
4659.89
4660.66
4669.36
4670.03
4670.97
4672.49
4672.58
4673.07
4673.18
4673.83
4675.02
4675.59
4677.22
4677.3
4677.97
4678.13
4678.96
4679.07
4679.92
4680.54
4681.26
4681.58
4681.75
4686.39
4686.52
4688.04
4691.42
4694.86
4695.19
4696.26
4696.39
4697.05
4701.32
4702.96
4703.04
4704.77
4706.08
4715.77
4716.19
4720.8
4720.98
4721.39
4721.79
4724.93
4733.19
4733.23
4733.99
4746.36
4755.04
4762.44
4764.52
4766.06
4766.98
4768.21
4774.29
4775.76
4777.16
4781.79
4784.72
4788.47
4800.07
4803.95
4804.66
4812.15
4818.75
4822.15
4822.34
4822.63
4823.69
4823.71
4823.74
4823.94
4824.19
4839.1
4846.86
4853.92
4854.07
4854.46
4854.54
4857.56
4862.85
4863.07
4863.3
4866.07
4873.16
4873.45
4895.45
4896.63
4899.21
4904.32
4904.97
4905.42
4905.84
4906.52
4906.69
4907.18
4911.95
4912.36
4913.42
4913.51
4913.86
4915.06
4918.06
4919.11
4922.66
4924.12
4926.29
4928.3
4930.64
4931.42
4933.05
4933.09
4933.77
4934
4934.34
4934.47
4940.35
4940.47
4954.46
4956.3
4960.55
4962.86
4965.18
4965.78
4967.76
4969.99
4970.52
4971.12
4971.5
4972.91
4973.33
4974.09
4975.24
4975.48
4975.58
4979.7
4980.5
4980.72
4982.06
4982.2
4982.42
4982.58
4982.74
4982.9
4983.49
4984.75
4985.52
4985.54
4986.33
4986.6
4989.34
4991.26
4997.4
5006.67
5017.18
5020.23
5022.71
5025.13
5025.24
5034.98
5040.41
5043.95
5048.78
5049.49
5050.76
5050.9
5054.65
5054.8
5055.53
5056.28
5057.57
5070.44
5071.77
5074.75
5077.89
5080.21
5080.67
5080.71
5083.33
5083.84
5083.86
5084.66
5084.7
5085.53
5086.41
5087.5
5087.74
5088.62
5089.29
5090.23
5090.83
5090.84
5090.87
5091.34
5091.71
5091.84
5091.9
5093
5093.08
5093.13
5093.34
5093.9
5094.46
5094.82
5095.16
5095.17
5095.84
5098.07
5098.38
5098.55
5099.7
5104.91
5106.2
5106.89
5108.01
5108.22
5112.5
5122.38
5122.52
5124.12
5124.34
5124.52
5126.67
5127.07
5129.07
5129.07
5129.27
5130.28
5130.92
5134.83
5136.31
5136.53
5137.62
5137.71
5145.8
5145.85
5147.41
5147.51
5147.57
5147.85
5148.71
5148.91
5152.92
5153.62
5162.64
5165.67
5167.96
5169.4
5176.57
5176.7
5177.55
5177.68
5177.86
5184.97
5194.24
5194.78
5197.47
5198.73
5199.35
5201.79
5208.93
5209.37
5209.97
5211.25
5215.43
5215.52
5216.03
5218.03
5218.55
5218.8
5218.93
5219.73
5221.64
5221.92
5222.15
5222.3
5223.5
5223.97
5224.36
5231.96
5235.55
5235.85
5236.11
5237.46
5240.32
5243.8
5254.55
5255.06
5255.55
5256.73
5257.85
5258.11
5258.27
5259.79
5261.99
5263.21
5267.55
5268.13
5271.45
5275.71
5276.15
5277.36
5281.38
5282.98
5283.95
5285.96
5286.11
5290.32
5291.23
5292.44
5294.37
5299.17
5304.32
5304.59
5305.79
5309.99
5313.58
5316.75
5321.37
5321.92
5323.4
5323.77
5324.14
5324.38
5324.54
5326.03
5326.69
5327.11
5328.23
5328.94
5329.04
5331.48
5331.49
5331.61
5333.86
5334.59
5349.31
5349.41
5350.03
5354.04
5354.9
5355.07
5355.93
5357.12
5357.93
5358.38
5358.6
5359.24
5359.29
5359.35
5360.2
5360.63
5362.02
5362.81
5363.53
5363.67
5364.74
5365.98
5366.56
5367.25
5367.33
5374.54
5374.61
5378.55
5379.36
5381.22
5381.34
5384.39
5385.01
5385.99
5386.12
5386.93
5387.17
5387.19
5389.95
5390.85
5391.71
5402.82
5403.27
5404.58
5404.84
5408.48
5410.3
5410.86
5411.09
5411.12
5411.5
5411.51
5414.33
5414.41
5414.47
5414.54
5414.89
5414.95
5415.2
5415.94
5423.15
5426.4
5428.58
5429.77
5430.14
5432.61
5441
5441.07
5442.02
5445.01
5445.06
5445.72
5445.86
5447.99
5451.11
5451.42
5451.94
5452.24
5459.46
5460.31
5461.83
5462.41
5463.42
5463.74
5463.87
5464.26
5464.35
5464.51
5465.04
5466.55
5467.15
5467.65
5468.27
5468.6
5471.87
5472.48
5473.47
5474.26
5478.38
5478.82
5479.39
5488.04
5490.62
5492.37
5496.93
5498.79
5499
5508.86
5509.15
5510.47
5511.01
5511.61
5511.78
5512.03
5520.85
5521.1
5524.09
5524.83
5525.09
5525.16
5525.6
5528.72
5529.22
5529.56
5530.18
5530.76
5530.8
5531.09
5532.4
5532.66
5532.89
5533.02
5536.4
5536.73
5536.87
5538.39
5539.38
5539.94
5542.42
5542.43
5543.09
5544.98
5546.94
5556.16
5558.36
5558.62
5559
5560.12
5560.4
5560.49
5560.99
5561.06
5561.67
5561.83
5563.6
5563.69
5563.91
5567.6
5567.73
5571.56
5572.56
5573.36
5573.37
5584.58
5585.87
5585.98
5586.15
5586.43
5590.59
5590.99
5591.3
5591.86
5593.82
5593.96
5594.09
5594.96
5600.16
5602.64
5605.86
5605.91
5607.42
5607.56
5608
5610.8
5611.09
5616.66
5623
5632.7
5633.23
5635.07
5636.63
5637.08
5638.79
5639
5643.79
5645.03
5647.71
5655.39
5655.57
5684.99
5689.09
5689.47
5689.71
5690.07
5690.58
5691.91
5692.11
5693.44
5693.56
5693.61
5694.55
5695.18
5695.37
5695.56
5697.8
5697.81
5698.78
5701.12
5703.48
5711.15
5712.28
5712.81
5715.15
5722.61
5723.67
5727.32
5731.78
5735
5735.12
5736.42
5739.52
5740.35
5743.7
5744.83
5749.17
5749.35
5749.81
5750.98
5753.18
5756.73
5757.32
5757.5
5764.66
5765.26
5776.66
5776.69
5781.81
5782.5
5782.62
5790.24
5803
5804.25
5805.68
5806.1
5806.64
5807
5807.4
5812.52
5812.56
5814.04
5814.16
5814.75
5815.62
5816.29
5816.67
5816.68
5820.41
5832.8
5834.52
5835.48
5835.82
5836.09
5838.27
5845.09
5845.15
5846.22
5846.39
5849.09
5849.44
5849.7
5852.42
5852.9
5853.66
5853.81
5854.71
5870.01
5878.01
5878.52
5878.69
5884.45
5884.49
5884.88
5891.94
5892.11
5892.23
5892.35
5892.38
5893.21
5893.71
5894.44
5905.57
5910.42
5927.61
5932.52
5932.54
5933.47
5933.78
5934.13
5934.23
5940.7
5941.31
5946.08
5949.72
5951.47
5951.51
5952.38
5955.87
5957.51
5957.69
5958.62
5958.87
5958.87
5960.25
5960.7
5960.83
5964.71
5968.04
5969.18
5969.81
5970.95
5972.52
5973.26
5974.25
5975.68
5987.04
5989.64
5990.58
5990.81
5990.88
5995.86
5996.86
6004.12
6009.49
6009.54
6018.98
6028.33
6028.88
6030.56
6030.96
6031.98
6032.9
6033
6034.02
6035.05
6035.08
6035.67
6039.59
6044.29
6044.64
6050.73
6051.14
6055.01
6055.48
6056.6
6057.01
6057.5
6059.53
6060.19
6061.53
6066.93
6069.93
6070.22
6071.93
6073.03
6073.52
6073.53
6078.98
6079.57
6093.57
6093.71
6093.74
6094.13
6094.46
6096.87
6097.02
6097.02
6100.96
6102.22
6105.99
6107.65
6111.1
6111.28
6112.28
6112.86
6113.4
6113.42
6114.07
6115.9
6120.63
6121.98
6125.83
6127
6127.67
6138.72
6139.2
6139.63
6148.8
6149.47
6149.49
6150.22
6160.79
6164.32
6165.31
6166.16
6166.86
6166.96
6167.25
6168.25
6168.35
6177.07
6177.45
6177.72
6180.33
6180.71
6181.33
6181.97
6182.08
6186.18
6186.43
6191.83
6192.29
6192.89
6193.34
6193.42
6193.59
6193.66
6200.86
6201.67
6201.76
6204.2
6205.12
6205.69
6209.54
6213.43
6218.59
6219.18
6219.73
6219.9
6220
6220.18
6221.31
6222.25
6222.5
6222.74
6223.43
6223.48
6229.09
6234.54
6235.86
6236.57
6237.74
6237.81
6238.64
6240.13
6241.07
6241.27
6241.3
6241.86
6243.4
6246.04
6250.33
6251.85
6252.34
6252.48
6254.79
6255.15
6256.27
6257.32
6257.34
6258.56
6258.9
6259.61
6261.13
6262.57
6263.64
6263.79
6265.06
6265.53
6266.34
6267.1
6267.17
6267.2
6268.8
6269.57
6270.21
6271.72
6273.72
6274.43
6274.49
6275.04
6275.04
6275.26
6275.31
6275.77
6275.85
6276.06
6276.38
6276.41
6276.42
6277.07
6279.57
6280.31
6280.64
6280.76
6281.21
6281.29
6281.44
6282.05
6283.76
6284.71
6284.93
6284.94
6290.81
6295.44
6295.7
6297.08
6297.89
6298
6298.35
6298.6
6299.13
6307.17
6307.58
6307.62
6307.73
6307.78
6308.73
6312.36
6315.7
6319.16
6319.38
6319.81
6320.03
6320.27
6320.77
6320.88
6321.88
6321.89
6322.18
6324.02
6328.15
6330.25
6330.79
6331.21
6332.2
6332.33
6332.48
6335.79
6335.92
6336.64
6336.74
6337.43
6340.45
6340.52
6342.67
6343.27
6344.08
6345.54
6347.28
6348.75
6349.29
6363.16
6363.29
6363.68
6372.13
6373.07
6381.43
6381.55
6381.92
6387.92
6387.96
6389.27
6393.04
6395.23
6398.21
6398.73
6402.45
6402.88
6402.96
6403.04
6403.5
6404.31
6404.41
6404.98
6405.11
6405.4
6406.1
6406.32
6407.91
6409.27
6412.12
6412.54
6424.89
6425.69
6425.73
6430.44
6434.02
6435.17
6442.93
6443.38
6443.6
6446.13
6448.26
6448.28
6448.67
6448.76
6449.13
6449.65
6450.58
6453.12
6455.1
6461.84
6467.25
6470.29
6470.84
6473.39
6473.56
6473.57
6473.72
6475.47
6478.69
6479.11
6483.91
6486.56
6487.77
6487.83
6488.15
6491.83
6492.07
6493.41
6493.55
6497.88
6509.34
6509.41
6521.83
6523.65
6524.56
6525.35
6525.45
6526.45
6526.49
6527.65
6527.93
6530
6530.09
6530.5
6530.57
6530.85
6531.3
6531.57
6533.13
6533.49
6533.87
6536.58
6548.7
6549.06
6550.89
6551.16
6551.76
6551.99
6552.36
6553.29
6553.81
6554.35
6554.48
6555.71
6556.91
6557.41
6562.95
6569.37
6569.77
6569.98
6580.65
6582.01
6582.23
6583.23
6583.48
6583.77
6584.26
6584.46
6585.25
6596.65
6597.96
6598.03
6598.28
6601.44
6609.13
6609.89
6613.35
6613.4
6615.08
6616.82
6616.89
6625.62
6625.89
6626.28
6639.51
6647.44
6654.22
6654.42
6654.83
6655.15
6660
6664.35
6666.81
6666.94
6675.91
6676.12
6676.55
6677.21
6679.08
6680.26
6682.8
6688.58
6699.19
6699.82
6700.58
6701.12
6701.45
6701.67
6703.99
6704.52
6708.22
6709.85
6716.73
6717.32
6719.05
6719.11
6720.11
6720.2
6726.07
6726.46
6726.8
6727.42
6728.04
6731.83
6741.31
6741.8
6743.15
6743.46
6743.78
6743.78
6744.08
6744.39
6745.47
6747.72
6752.42
6753.06
6753.46
6753.9
6754.95
6755.1
6760.88
6761.07
6762.58
6762.76
6762.83
6766.12
6766.33
6769.36
6773.03
6773.73
6774.22
6775.27
6775.39
6779.36
6779.86
6781.94
6782.26
6782.34
6784.62
6785.34
6785.74
6787.14
6787.22
6787.76
6788.28
6788.87
6790.1
6790.13
6790.25
6790.89
6791.57
6792.33
6794.81
6794.9
6795.21
6795.78
6796.37
6796.92
6798.72
6803.76
6803.89
6804.34
6804.73
6808.05
6808.56
6808.62
6809.05
6812.02
6814.84
6815.7
6816.47
6816.58
6816.92
6817.3
6817.49
6817.97
6819.21
6825.88
6827.78
6834.4
6838.47
6839.39
6839.83
6842.1
6843.01
6843.34
6844.1
6852.29
6852.9
6856.68
6856.94
6857.01
6866.19
6866.63
6866.89
6867.33
6867.65
6868.24
6869.88
6869.93
6871.1
6871.16
6878.59
6879.29
6879.93
6883.69
6888.52
6889.33
6892.9
6899.39
6901.84
6910.77
6912.12
6912.59
6912.65
6913.1
6913.75
6913.76
6916.75
6917.74
6918.58
6920.16
6920.59
6920.86
6922.85
6922.93
6923.48
6930.17
6932.37
6932.56
6933.02
6933.83
6933.99
6934.64
6934.87
6937.05
6937.64
6937.93
6939.85
6940.18
6942.31
6942.69
6943.21
6943.55
6943.68
6944.79
6944.91
6945.02
6945.44
6945.97
6947.2
6947.28
6947.55
6950.5
6954.85
6958.33
6958.86
6959.35
6960.26
6960.46
6960.89
6960.93
6966.76
6970.24
6976.26
6977.23
6987.28
6987.35
6987.51
6987.8
6987.83
6995.54
6999.3
7000.18
7000.86
7000.94
7003.2
7003.48
7003.75
7004.34
7012.41
7014.33
7015.87
7016.6
7024.55
7032.44
7033.71
7033.8
7033.99
7036.64
7036.77
7036.78
7037.51
7037.53
7048.21
7052.45
7054.74
7055.67
7061.4
7061.78
7061.81
7062.13
7066.63
7078.9
7080.58
7081.24
7082.09
7082.59
7082.97
7083.16
7083.62
7084.42
7096.54
7097.51
7097.73
7097.76
7102.48
7103.27
7103.62
7105.17
7106.17
7106.37
7107.36
7120.36
7122.21
7122.88
7128.61
7132.66
7132.67
7134.14
7139.34
7139.38
7139.93
7148.22
7152.45
7153.16
7153.83
7154.38
7155.82
7155.87
7158.52
7166.63
7167.57
7167.84
7168.06
7168.26
7168.63
7168.8
7169.31
7169.95
7175.42
7182.94
7183.21
7192.12
7207.49
7211.25
7212.69
7227.26
7227.61
7227.81
7229.61
7236.01
7238.06
7238.56
7239.62
7241.05
7241.45
7251.62
7251.65
7252
7252.91
7253.69
7257.99
7261.22
7262.84
7263.14
7263.16
7265.81
7270.72
7272.81
7273.19
7274.02
7275.73
7284.23
7284.5
7298.97
7303.32
7303.75
7306.32
7306.52
7306.84
7309.67
7314.77
7314.86
7315.02
7315.37
7315.66
7316.01
7316.4
7322.75
7328.31
7330.91
7332.05
7332.24
7332.41
7332.96
7333.61
7334.1
7336.74
7336.9
7337.11
7337.57
7337.74
7337.76
7338.12
7352.07
7363.24
7365.37
7366.06
7366.8
7370.83
7371.7
7372.37
7379.92
7380.11
7398.37
7398.56
7399.32
7400.1
7400.27
7400.91
7400.92
7401.89
7401.99
7402.72
7408.59
7408.61
7409.42
7411.19
7412.04
7412.87
7413.64
7416.15
7416.18
7416.23
7417.34
7417.37
7417.59
7417.81
7417.91
7417.92
7418.12
7418.65
7418.98
7420.47
7428.28
7439.94
7440.52
7440.83
7441.06
7445.52
7446.42
7446.58
7448.84
7448.98
7449.37
7450.38
7450.47
7453.77
7454
7454
7457.23
7457.92
7458.47
7459.03
7463.42
7463.65
7463.69
7464.22
7464.81
7466.85
7467.99
7468.36
7473.65
7481.89
7485.98
7487.37
7488.62
7489.08
7489.19
7490.05
7490.08
7490.48
7491.58
7492
7494.66
7495.28
7497.21
7497.42
7497.73
7499.78
7500.54
7505.83
7509.29
7517.54
7517.64
7519.03
7522.98
7524.96
7534.87
7537.92
7538.44
7540.05
7540.55
7540.57
7551.8
7553.11
7554.65
7554.71
7562.57
7564.4
7564.54
7573.67
7577.54
7582.3
7585.51
7589.64
7602.07
7606.23
7606.81
7610.99
7611.41
7613.97
7614.62
7614.89
7620.33
7621.24
7625.17
7626.03
7643.38
7644.96
7645
7645.96
7646.38
7646.86
7653.45
7655.59
7656.31
7657.42
7657.6
7658.96
7671.77
7672.49
7675.58
7685.26
7687.23
7687.73
7688.09
7697.41
7698.12
7708.09
7709.71
7709.84
7711.6
7711.7
7712.68
7713.07
7713.89
7725.67
7733.2
7733.86
7734.8
7734.81
7735.58
7737.66
7737.86
7741.33
7741.41
7741.46
7741.74
7742.99
7744.11
7752.5
7754.92
7755
7757.21
7758.76
7759.18
7760.99
7773.93
7775.28
7776.02
7776.15
7783.08
7783.16
7786.17
7787.29
7788.16
7792.19
7792.32
7792.48
7794.64
7794.74
7795.01
7795.13
7795.77
7796.56
7797.66
7802.13
7802.86
7803.58
7803.9
7813
7816.41
7816.44
7820.18
7832.91
7833.94
7834.93
7840.79
7851.97
7853.32
7869.39
7870.22
7870.7
7878.62
7878.98
7879.16
7879.67
7881.5
7881.77
7882.19
7882.63
7882.93
7883.88
7886.09
7886.83
7888.74
7889.39
7890.14
7891.29
7891.31
7892.6
7900.07
7912.17
7918.02
7918.39
7918.5
7938.92
7939.4
7940.27
7941.85
7942.15
7948.1
7950.45
7953.78
7954.26
7954.31
7954.8
7955.02
7955.49
7955.5
7957.7
7964.54
7964.8
7966.22
7966.39
7966.87
7967.8
7967.99
7969.41
7970.79
7973.65
7973.71
7975.1
7975.61
7975.66
7977.18
7977.36
7977.63
7978.24
7981.03
7981.71
7983.11
7983.16
7983.31
7983.72
7984.03
7984.91
7985.1
7987.48
7987.96
7988.68
7989.04
7990.05
7990.48
8001.74
8002.83
8002.9
8003.97
8003.97
8004.36
8005.37
8006.3
8007.02
8007.03
8014.54
8014.77
8015.58
8017.4
8020.86
8024.67
8024.69
8029.11
8029.86
8031.47
8032.05
8032.5
8034.38
8034.5
8041.8
8042.4
8044.71
8045.82
8054.78
8055.01
8067.64
8068.01
8069.18
8072.72
8075.07
8078.23
8082.71
8083.33
8083.74
8089.78
8094.13
8094.39
8095.91
8097.02
8097.66
8098.14
8104.32
8109.74
8114.8
8117.75
8117.96
8118.67
8121.99
8122.22
8127.17
8127.7
8127.72
8128.16
8128.55
8129.45
8129.46
8131.13
8132.24
8132.87
8133.07
8133.12
8133.4
8133.9
8134.48
8134.96
8137.97
8138.38
8138.54
8139.8
8140.32
8141.19
8144.62
8146.24
8147.09
8147.75
8148.1
8149.05
8149.43
8160.59
8160.9
8161.54
8162.12
8163.66
8166.2
8166.37
8166.78
8175
8175.05
8182.69
8183.83
8184.39
8184.95
8193.06
8197.84
8200.27
8205.83
8205.84
8206.05
8208.73
8212.04
8214.03
8214.31
8214.32
8220.78
8221.72
8222.33
8227.4
8230.11
8234.16
8235.24
8238.21
8238.25
8238.72
8238.83
8241.53
8247.05
8248.59
8250.19
8250.28
8250.88
8251.34
8256.81
8257.43
8259.25
8259.28
8260.75
8260.78
8261.91
8262.26
8262.36
8262.4
8262.8
8263.39
8264.18
8264.27
8267.54
8269.74
8270.58
8271.14
8271.71
8272.24
8279.6
8280.79
8281.22
8281.89
8282.15
8282.18
8282.44
8283.05
8284.92
8285.09
8286.32
8292.03
8292.51
8293.04
8293.75
8294.41
8294.8
8295.29
8295.55
8295.57
8295.73
8296.01
8300.28
8304.59
8305.25
8305.62
8306.29
8306.52
8306.77
8307.4
8310.73
8313.35
8314.21
8314.28
8319.23
8319.41
8319.42
8328.65
8328.98
8330.05
8330.34
8335.29
8336.27
8336.93
8337.48
8338.57
8339.24
8339.79
8340.32
8340.36
8347.38
8350.87
8364.67
8369.1
8370.36
8371.49
8371.77
8372.88
8373.26
8374.58
8374.79
8377.45
8377.95
8394.92
8396.19
8397.35
8397.4
8397.61
8398.65
8414.73
8417.56
8424.77
8429.78
8429.98
8433.57
8434.03
8434.99
8435.51
8435.99
8445.77
8447.87
8448.19
8448.56
8466.73
8476.66
8477.03
8483.32
8483.43
8483.82
8484.23
8484.98
8485.1
8485.23
8493.83
8493.96
8494
8496.69
8499.12
8503.55
8504.91
8505.01
8505.32
8510.12
8510.15
8510.58
8510.97
8516.54
8517.12
8518.58
8519.16
8519.7
8521.8
8522.71
8535.17
8535.32
8536.66
8536.67
8537.05
8537.13
8537.94
8543.61
8544.19
8544.26
8544.5
8546.74
8547.17
8548.88
8549.72
8549.93
8550.09
8550.64
8551.22
8552.05
8552.47
8553.33
8553.84
8564.16
8568.99
8569.87
8570.17
8570.71
8572.02
8573.03
8580.23
8589.21
8589.3
8590.16
8590.55
8590.61
8591.06
8591.18
8594.32
8595.04
8595.92
8596.81
8597.03
8598.56
8598.96
8599.13
8599.49
8600.17
8606.58
8612.01
8615.25
8615.61
8618.82
8619.43
8620.29
8620.4
8625.04
8626.02
8627.22
8627.78
8633.27
8636.91
8644.66
8645.49
8645.7
8648.21
8648.45
8649.64
8650.39
8651.09
8651.86
8651.93
8651.97
8653.18
8653.31
8653.7
8654.51
8656.4
8656.6
8665.22
8667.33
8668.38
8669.71
8669.88
8669.9
8670.43
8670.51
8673.36
8675.23
8677.98
8679.26
8679.33
8679.54
8679.54
8680.46
8682.97
8683.79
8684.58
8684.67
8690.64
8690.72
8695.85
8696.5
8696.52
8703.27
8713.86
8714.43
8714.62
8716.53
8721.24
8725.64
8729.65
8730.12
8730.3
8737.04
8737.45
8739.23
8739.6
8739.8
8739.94
8740.21
8740.44
8741.99
8743.14
8743.63
8743.73
8744.21
8745.27
8745.88
8746.25
8746.41
8751.97
8752.08
8752.16
8752.97
8758.01
8758.05
8760.74
8766.19
8766.74
8782.04
8782.17
8782.4
8782.56
8783.66
8783.99
8785.23
8785.72
8785.99
8787.12
8787.35
8793.06
8796.69
8805.13
8805.28
8805.52
8806.2
8806.69
8806.73
8807.56
8808.06
8808.69
8810.12
8810.3
8810.9
8812.21
8812.25
8812.53
8812.59
8815.23
8820.86
8821.06
8830.21
8830.45
8831.65
8832.69
8834.68
8835.68
8835.77
8836.34
8838.47
8840.17
8840.3
8848.99
8852.59
8858.19
8859.44
8861.78
8862.68
8862.76
8863.67
8864.27
8865.91
8867.58
8868.07
8868.95
8870.6
8870.75
8879.5
8881.15
8881.33
8882.45
8882.81
8883.07
8883.22
8884.82
8886.65
8886.7
8887.04
8887.08
8892.63
8894.87
8900.35
8905.24
8905.4
8907
8908.19
8909.64
8910.39
8910.74
8911.2
8911.49
8912.18
8912.51
8914.41
8914.47
8917.07
8917.43
8917.7
8929.09
8929.8
8930.63
8930.65
8932.56
8940.6
8941.24
8941.41
8943.58
8943.92
8943.96
8944.84
8945.02
8951.59
8952.69
8958.53
8959.58
8959.87
8964.76
8965.05
8973.73
8973.77
8974
8976.01
8977.03
8981.01
8981.91
8982.4
8982.41
8982.85
8985.94
8987.24
8987.36
8990.27
8991.51
8992.11
8992.12
8993.25
8993.38
8993.46
8993.73
8995.48
8996.19
8996.61
8997.24
8997.33
9000.04
9002.04
9003.3
9003.49
9004.03
9004.92
9010.95
9011.98
9012.15
9012.82
9013.31
9013.73
9019.44
9019.55
9019.69
9024.25
9024.73
9024.78
9025.41
9026.32
9026.35
9027.14
9036.91
9037.02
9039.83
9039.97
9040.41
9040.5
9042.31
9044.67
9045.36
9046
9046.54
9051.05
9051.12
9055.59
9059.31
9069.76
9070.38
9070.47
9076.37
9076.55
9076.56
9083.54
9086.96
9088.06
9101.12
9103.98
9107.6
9143.28
9143.58
9151.4
9158.71
9172.83
9173.44
9174.17
9180.37
9180.59
9184.14
9184.37
9184.43
9185.68
9185.96
9186.7
9187.21
9190.76
9191.66
9193.07
9193.23
9193.8
9195.18
9197.66
9198.38
9198.7
9199.59
9199.91
9200.66
9204.59
9205.03
9205.44
9206.96
9210.92
9223.56
9223.73
9224.18
9226.99
9227.03
9227.99
9228.51
9228.66
9233.91
9234.13
9237.11
9237.86
9238
9240.05
9240.53
9243.41
9243.45
9243.85
9246
9246.02
9246.48
9248.86
9250.88
9253.56
9253.99
9254.45
9254.8
9255.07
9255.44
9255.96
9258.02
9258.83
9264.05
9266.48
9267.13
9268.12
9268.42
9269.49
9269.8
9270.97
9273.9
9277.26
9277.3
9277.66
9277.88
9278.19
9278.22
9278.64
9279.69
9279.77
9279.86
9280.96
9281.18
9282.08
9282.46
9282.77
9282.95
9283.55
9290.8
9290.86
9291.71
9292.04
9293.22
9293.62
9293.8
9301.59
9302.83
9312.27
9312.66
9313.14
9314.2
9324.91
9324.98
9325.21
9325.34
9326.1
9326.35
9327.77
9328.19
9334.47
9335.02
9342.41
9342.85
9342.94
9343.7
9347.05
9347.4
9347.7
9348.03
9353.97
9354.87
9355.19
9355.91
9356.01
9359.67
9364.58
9365.05
9367.97
9380.19
9380.38
9381.05
9381.16
9382.31
9382.63
9398.9
9399.9
9399.96
9407.39
9409.32
9413.69
9414.23
9414.96
9415.21
9415.89
9416.14
9418.16
9419.55
9419.95
9420.32
9422.86
9424.2
9424.4
9424.43
9425.28
9425.65
9425.68
9425.76
9434.35
9435.26
9435.43
9437.73
9437.77
9440.57
9440.62
9441.68
9442.01
9442.73
9444
9446.34
9446.91
9447.56
9448.18
9448.33
9448.42
9449.47
9449.63
9450.15
9450.67
9450.92
9452.25
9452.38
9453.33
9453.57
9454.28
9458.71
9458.98
9461.2
9461.53
9461.85
9463.55
9477.59
9478.89
9478.92
9481.77
9483.43
9485.33
9489.32
9489.9
9490.33
9490.9
9491.04
9491.3
9494.43
9495.95
9499.27
9500.73
9501.45
9513.59
9523.35
9525.77
9525.98
9528.87
9529.94
9530.28
9530.79
9530.81
9531.34
9531.47
9533.12
9533.16
9534.3
9534.57
9534.71
9536.02
9536.27
9538.29
9539.66
9539.67
9540.61
9541.57
9542.11
9542.35
9543.11
9543.74
9543.86
9545.11
9545.52
9546.03
9546.08
9546.52
9546.9
9547.15
9548.49
9549.2
9550.19
9550.46
9550.69
9550.87
9553.22
9553.4
9554.33
9554.93
9555.46
9555.65
9556.13
9557.06
9557.07
9557.18
9567.5
9568.67
9571.11
9571.66
9573.89
9584.43
9586.94
9604.71
9605.71
9605.95
9614.13
9614.15
9614.87
9615.43
9621.66
9622.2
9622.76
9626.87
9627.63
9628.86
9629.51
9630.03
9634.17
9634.68
9635.63
9646.53
9647.02
9647.33
9648.26
9652.11
9652.75
9654.09
9656.63
9658.42
9658.42
9661.19
9661.38
9662.83
9665.58
9667.79
9668.12
9668.66
9672.35
9672.38
9674.09
9674.3
9674.35
9674.85
9682.84
9683.63
9684.36
9684.36
9684.51
9684.81
9685.56
9685.58
9685.97
9687.38
9687.63
9688.31
9696.49
9702.84
9710.49
9710.82
9712.3
9712.5
9713.53
9716.62
9718.65
9719.77
9719.88
9721.48
9722.85
9723.17
9723.49
9723.53
9725.09
9725.48
9735.65
9736.06
9736.26
9736.74
9739.02
9741.09
9741.3
9741.9
9742.48
9743.31
9743.83
9744.62
9749.15
9749.81
9750.86
9752.18
9753.13
9753.3
9754.09
9758.2
9758.53
9758.72
9762.05
9765.66
9767.63
9767.88
9774.08
9774.26
9774.58
9774.84
9775.06
9775.57
9775.59
9788.39
9789.05
9789.46
9790.51
9792.9
9802.12
9802.25
9802.46
9804.74
9804.99
9805.11
9805.28
9805.52
9805.55
9806.1
9807.36
9811.48
9811.7
9813.21
9815.11
9817.88
9821.92
9822.83
9822.85
9823.19
9838.29
9842.4
9842.92
9853.66
9853.82
9863.93
9872.17
9872.27
9884.33
9889.6
9891.83
9896.65
9897.74
9898.07
9899.33
9899.49
9900.99
9903
9903.2
9903.54
9903.7
9904.93
9905.56
9907.69
9912.75
9912.98
9913.02
9913.58
9914.33
9918.54
9923.76
9924.72
9924.99
9925.45
9928.1
9928.17
9930.88
9931.61
9941.14
9944.06
9951.68
9958.09
9966.96
9970.05
9970.94
9972.05
9973.33
9973.88
9978.1
9978.36
9978.58
9982.81
9983.33
9983.62
9984.25
9984.77
9984.89
9989.23
9989.75
9990.29
9990.8
9991.09
9991.82
9993.02
9993.3
9997.04
9997.32
9997.32
9998.09
9998.41
