0.139566
1.80475
9.03969
10.4188
10.9445
11.8372
17.476
17.5468
18.0522
18.6476
25.7692
31.4307
31.6818
31.7165
32.307
36.8835
40.8961
42.4882
45.0641
45.2224
49.3667
49.4425
49.9236
51.1759
51.8971
52.2712
53.115
55.0548
57.6279
58.092
59.7419
59.7609
59.9516
60.3189
60.3869
60.5596
61.376
61.5713
61.8786
63.3182
63.3905
64.6125
65.2784
65.7828
67.1542
67.8513
71.1432
71.7185
71.7314
73.2985
75.0952
77.1813
78.6824
84.5471
85.0923
85.1296
85.3748
85.8767
86.5101
88.2075
98.5909
98.8883
109.812
110.511
114.08
115.408
115.933
116.154
116.407
117.758
117.922
123.377
124.413
124.548
125.114
125.17
126.089
126.621
127.921
128.167
128.457
128.729
130.221
131.753
132.164
140.139
141.314
146.657
147.115
147.272
152.933
153.64
153.883
155.376
159.665
161.277
161.445
161.455
162.196
162.398
163.03
163.907
165.122
165.533
165.706
166.37
168.163
168.522
168.711
175.96
177.745
178.29
178.498
178.527
179.976
180.494
180.534
181.036
181.292
182.476
182.507
182.908
183.15
185.301
185.364
196.742
196.807
198.466
212.386
220.015
226.298
228.199
228.774
232.216
232.248
232.873
233.19
233.542
235.106
236.94
244.039
244.605
246.964
247.263
247.426
249.904
251.358
251.941
254.531
256.809
257.278
264.192
272.173
272.566
273.225
274.118
274.139
287.516
290.757
295.007
300.453
306.395
307.07
307.213
307.407
308.241
316.834
316.964
324.966
325.813
326.372
327.064
327.374
330.505
330.656
330.741
330.969
331.117
331.548
333.682
339.058
344.143
349.564
354.447
362.464
367.46
371.58
378.828
379.693
379.932
385.106
385.818
388.739
389.023
389.121
389.838
390.726
391.192
391.262
391.442
391.645
391.885
392.872
393.655
395.164
396.933
409.961
410.13
410.818
413.316
416.065
416.914
417.153
418.727
422.379
427.355
427.948
429.035
431.728
436.993
440.186
440.801
440.83
441.086
446.951
455.464
456.232
456.626
457.356
460.97
467.651
473.948
474.291
484.795
488.712
488.922
499.637
499.858
499.938
500.941
501.073
501.198
502.434
502.928
511.509
511.519
512.2
512.966
519.125
519.386
522.102
533.212
535.006
540.055
543.243
543.275
543.616
549.45
551.709
560.756
561.141
561.215
561.411
563.07
563.6
563.707
564.76
565.724
570.013
570.093
570.186
580.832
585.099
589.819
589.961
591.411
594.517
596.931
597.359
599.563
600.246
610.251
611.537
612.234
612.781
620.023
621.381
621.909
622.322
623.723
624.129
625.044
625.365
625.369
625.69
626.405
634.845
641.507
643.453
644.309
649.637
657.351
661.447
662.48
663.496
664.988
665.912
666.122
668.583
668.874
669.554
670.51
671.272
671.45
672.148
673.082
673.337
691.586
691.962
700.367
700.508
701.543
702.212
709.801
711.904
721.154
728.6
728.837
729.143
730.534
730.87
736.526
736.576
739.866
740.44
741.442
741.865
742.102
746.963
747.384
747.764
748.068
748.278
748.5
749.01
750.052
750.691
754.828
758.215
760.118
760.383
763.639
763.683
765.138
765.271
765.623
765.632
767.187
773.323
775.785
776.545
777.268
777.927
778.938
779.006
779.423
779.903
781.833
788.459
796.937
797.041
797.154
797.449
798.14
799.021
801.259
801.638
802.285
803
804.64
804.802
804.918
805.79
807.946
808.145
808.3
808.869
809.863
814.012
814.618
814.871
816.431
816.646
817.969
818.081
830.225
830.425
831.023
836.75
839.461
844.083
844.423
845.232
845.314
845.868
846.33
846.926
849.037
849.399
849.609
851.015
855.169
855.54
856
864.008
864.195
875.351
879.592
881.933
883.204
886.309
891.936
895.716
900.077
903.156
903.684
903.879
911.411
912.056
913.371
914.142
915.27
915.417
919.078
919.24
926.224
926.319
927.116
927.338
927.499
927.775
928.116
934.126
934.505
936.128
936.408
936.751
941.008
942.072
942.576
943.297
943.433
943.82
944.355
944.647
944.725
945.443
947.36
947.952
948.09
948.75
949.026
949.758
950.918
950.97
950.998
951.161
954.728
955.422
955.566
955.596
955.742
956.118
956.384
957.577
957.979
958.271
958.549
962.992
963.329
964.093
964.895
965.934
968.291
968.3
968.64
972.006
972.157
976.334
979.739
980.27
981.164
981.855
981.898
982.232
982.325
983.951
984.471
985.234
985.835
986.16
1001.38
1013.5
1013.66
1013.86
1015.52
1022.67
1031.9
1037.47
1037.92
1038.79
1039.37
1039.38
1039.77
1041.27
1047.34
1051.52
1053.99
1054.21
1054.45
1054.77
1054.92
1055.32
1055.59
1055.61
1055.69
1056.08
1061.79
1063.3
1071.61
1075.1
1075.25
1076.57
1081.99
1115.3
1115.65
1122.64
1127.42
1127.71
1127.94
1129.63
1139.89
1140.02
1140.08
1141.06
1141.43
1141.66
1142.3
1143.82
1144.14
1151.83
1151.89
1152.93
1154.31
1154.41
1154.56
1154.66
1155.24
1155.77
1156.21
1156.51
1157.31
1157.46
1157.72
1159.39
1162.91
1165.88
1166.18
1172.41
1173.88
1174.56
1174.66
1181.27
1181.94
1182.56
1182.63
1183.97
1184.19
1184.2
1186.55
1186.88
1190.8
1191.57
1195.15
1198.78
1199.44
1200.14
1200.36
1202.81
1203
1206.87
1208.24
1209.12
1209.69
1209.73
1209.98
1210.45
1210.64
1215.71
1216.05
1216.9
1217.41
1218.05
1231.82
1232.45
1232.77
1232.85
1233.45
1233.52
1234.55
1234.81
1235.07
1236.74
1237.14
1237.89
1237.96
1238.3
1239.31
1239.48
1243.33
1244.71
1245.59
1252.77
1252.93
1253.45
1253.67
1254.82
1254.98
1255.08
1257.01
1258.91
1258.91
1261.51
1261.72
1261.91
1263.21
1263.24
1264.06
1264.64
1265.31
1265.56
1265.91
1266.55
1267.48
1267.72
1268.01
1268.44
1268.47
1269.26
1271.34
1274.8
1275.04
1276.49
1276.74
1276.98
1277.3
1278.24
1278.8
1279.74
1280.89
1283.1
1283.44
1283.67
1284.45
1285.96
1286.22
1286.62
1287.51
1298.88
1303.16
1303.18
1303.33
1304.16
1304.72
1305.59
1308.44
1310.95
1317.21
1317.38
1317.65
1317.89
1318.81
1319.18
1319.78
1320.16
1320.64
1320.99
1324.68
1324.94
1332.68
1332.86
1334.32
1334.66
1337.77
1340.31
1343.85
1350.57
1353.91
1357.99
1364.47
1388.64
1388.74
1391.87
1400.26
1400.42
1411.46
1411.59
1412.1
1412.41
1412.69
1413.73
1414.73
1415.23
1415.36
1415.41
1415.47
1415.61
1416.13
1416.6
1416.79
1417.15
1422.32
1426.4
1427.71
1428.02
1429.53
1432.51
1437.12
1437.53
1437.94
1439.83
1439.92
1441.62
1441.92
1442.44
1444.28
1444.46
1444.92
1458.07
1459.05
1459.59
1460.82
1461.07
1461.34
1462.01
1462.72
1462.76
1462.87
1466.98
1476.87
1478.38
1479.06
1479.18
1480.29
1480.78
1484.34
1484.77
1490.52
1494
1495.45
1498.98
1499.16
1499.5
1499.75
1500.37
1501.49
1501.69
1501.99
1502.64
1504.29
1505.21
1507.27
1510.24
1518.14
1520.02
1520.06
1520.1
1521.18
1522.98
1523.5
1523.6
1523.65
1529.94
1529.97
1530.19
1531.31
1533.74
1538.1
1541.22
1547.73
1547.92
1551.56
1562.49
1564.39
1566.46
1567.54
1569.01
1575.6
1577.51
1578.54
1580.22
1580.76
1580.93
1581.97
1582.59
1583.63
1583.84
1584.22
1586.25
1586.37
1587.12
1593.73
1595.92
1596.56
1597.85
1598.6
1604.88
1604.95
1608.72
1609.11
1609.15
1609.93
1610.09
1611.96
1616.44
1617.11
1621.46
1628.79
1628.9
1630.03
1637.18
1638.81
1643.82
1643.99
1645.01
1646.6
1647.89
1648.24
1649.44
1650.54
1651.34
1651.82
1652.73
1653
1653.45
1653.68
1654.16
1654.43
1654.59
1656.39
1658.58
1658.67
1661.39
1661.84
1662.8
1663.16
1663.4
1663.59
1664.31
1666.21
1668.96
1669.22
1670.01
1670.24
1674.72
1682.02
1682.87
1683.29
1688.06
1688.28
1688.62
1694.43
1699.24
1699.29
1699.36
1701.23
1709.68
1709.82
1725.81
1727.38
1729.07
1731.42
1731.7
1732.21
1733.35
1733.95
1734.31
1734.71
1735.88
1737.04
1740.96
1742.34
1742.87
1745.01
1747.87
1749.13
1749.52
1749.61
1750.29
1750.76
1751.27
1751.5
1753.2
1753.68
1754.14
1755.53
1760.32
1761.11
1763.85
1773.32
1783.42
1785.87
1786.02
1801.64
1806.43
1806.57
1810.27
1812.02
1813.72
1816.77
1817.94
1818.05
1818.85
1820.09
1820.49
1828.56
1828.78
1832.27
1832.51
1833.32
1833.34
1834.41
1834.84
1836.77
1839.67
1851.23
1859.05
1859.63
1859.97
1861
1861.22
1864.21
1872.45
1874.49
1874.57
1876.71
1878.77
1879.4
1883.95
1884.28
1884.95
1885.03
1885.3
1886.02
1886.1
1888.08
1888.47
1896.26
1901.57
1906.04
1906.05
1906.63
1907.09
1907.43
1909.16
1916.39
1922.92
1923.7
1925.15
1930.27
1938.56
1938.63
1938.78
1939.66
1939.82
1942.43
1947.43
1948.58
1956.36
1956.75
1958.57
1959.74
1959.79
1960.73
1961.36
1962.23
1962.33
1962.48
1963.27
1967.82
1968.66
1970.35
1971.18
1973.4
1973.42
1976.5
1977.26
1978.63
1978.95
1978.96
1979.04
1982.02
1982.32
1982.85
1985.82
1985.97
1986.01
1998.75
2001.21
2002.15
2011.76
2013.53
2016.06
2028.11
2029.29
2029.77
2030.36
2030.39
2030.48
2030.67
2034.92
2036.88
2037.07
2042.41
2042.74
2042.77
2043.9
2044.99
2046.15
2046.37
2047.76
2051.03
2059.77
2062.09
2064.03
2064.79
2068.02
2068.76
2079.31
2083.09
2091.68
2091.8
2092.24
2092.96
2093.12
2094.37
2094.5
2099.95
2103.85
2105.21
2105.5
2107.88
2109.46
2111.71
2114.44
2114.96
2119.09
2120.14
2120.78
2121.05
2126.57
2127.42
2129.52
2130.18
2136.71
2138.3
2138.64
2139.95
2143.72
2148.03
2163.46
2169.38
2176.78
2177.61
2177.73
2177.9
2178.15
2178.44
2178.61
2178.71
2179
2179.41
2182.67
2189.36
2190.56
2190.7
2191.07
2199.54
2201.67
2201.88
2201.88
2202.15
2202.63
2203.63
2204.65
2204.7
2205.94
2206.2
2209.57
2209.99
2210.06
2212.14
2212.28
2213.36
2216.28
2216.38
2230.52
2230.71
2232.14
2244.06
2248.2
2256.45
2256.73
2257.11
2257.71
2260.89
2265.44
2267.68
2267.81
2268.11
2268.34
2268.78
2269.14
2270.49
2285.05
2290.8
2295.37
2298.13
2299.32
2299.74
2300.52
2300.86
2301
2301.01
2302.43
2303.56
2312.14
2312.53
2314.07
2315.35
2316.03
2317
2317.2
2317.5
2319.14
2319.95
2321.78
2330.96
2331.18
2331.51
2331.56
2332.09
2333.5
2334.47
2335.81
2338.78
2345.75
2346.06
2346.37
2346.56
2347.39
2347.91
2348.6
2348.61
2350.28
2350.91
2352.13
2352.23
2354.03
2355.18
2355.99
2356.21
2359.57
2360.21
2360.62
2361.29
2363.51
2368.09
2370.11
2370.14
2371.25
2376.05
2384.54
2387.52
2387.66
2405.97
2406.31
2406.52
2406.59
2407.1
2413.68
2415.08
2415.47
2416
2416.26
2419.52
2419.84
2420.63
2422.59
2422.67
2423.12
2424.44
2424.98
2427.25
2429.69
2433.91
2434.67
2435.95
2436.16
2442.57
2447.22
2447.93
2448.56
2448.78
2449.83
2450.48
2450.55
2451.01
2452.07
2452.33
2452.33
2452.41
2452.97
2467.27
2467.3
2467.76
2468.74
2473.34
2473.71
2473.76
2476.33
2477.45
2480.73
2492.08
2495.83
2497.15
2497.48
2499.01
2499.91
2500.58
2500.72
2501.8
2507.7
2507.79
2507.88
2508.64
2508.88
2510.05
2510.49
2510.66
2518.64
2519.08
2519.1
2519.57
2520.02
2520.74
2521.35
2521.63
2528.34
2528.36
2529.14
2529.29
2529.48
2529.88
2529.96
2532.1
2532.13
2532.45
2533.26
2533.62
2533.65
2534.59
2534.68
2535.33
2539.38
2539.49
2541.08
2541.17
2544.39
2557.49
2562.11
2563.25
2564.03
2568.15
2569.44
2570.5
2572.03
2572.1
2577.37
2587.46
2592.15
2594.32
2595.82
2596.15
2596.93
2596.99
2597
2597.26
2599.38
2600.67
2602.53
2608.63
2611.21
2612.49
2612.5
2612.5
2614.3
2614.61
2615.6
2616.18
2616.19
2616.81
2617.16
2617.57
2618.19
2618.83
2619.94
2620.55
2629.96
2630.3
2630.33
2631.32
2634.47
2634.74
2643.51
2645.62
2646.54
2649.18
2653.35
2654.64
2661.76
2662.86
2670.17
2678.1
2678.61
2679.74
2680.11
2689.07
2695
2695.49
2706.11
2710.6
2710.67
2711.09
2711.18
2715.81
2721.07
2722.71
2730.54
2730.8
2732.07
2733.53
2735.27
2735.7
2740.26
2740.89
2741.68
2742.04
2742.4
2742.94
2745.1
2745.12
2745.39
2746.7
2746.74
2747.53
2747.87
2760.66
2760.92
2761.03
2761.19
2765.3
2770.16
2772.41
2772.69
2773.67
2777.85
2779.32
2780.34
2780.44
2785.94
2790.08
2790.41
2792.48
2792.79
2793.8
2793.93
2798.67
2799.31
2799.53
2800.04
2801.63
2801.78
2802.39
2803.24
2803.36
2803.57
2803.98
2804.14
2804.36
2805.41
2806.37
2808.33
2810.59
2822.54
2823.14
2823.27
2823.6
2824.33
2825.44
2835.55
2837.44
2837.56
2843.35
2843.88
2845.28
2848.43
2849.01
2854.24
2857.55
2857.71
2857.88
2857.99
2858.11
2858.48
2867.09
2867.34
2867.61
2868.01
2870.14
2871.09
2871.47
2871.78
2884.96
2889.22
2890.06
2890.3
2890.69
2891.12
2891.5
2892.7
2894.52
2894.73
2899.03
2899.1
2902.16
2902.35
2902.45
2903.18
2903.87
2914.78
2922.12
2923.94
2924.03
2924.19
2925.7
2925.92
2929.68
2930.69
2930.81
2932
2932.89
2942.2
2943.21
2948.77
2956.06
2956.89
2959.66
2972.69
2985.52
2986.04
2993.55
2994.22
2995.34
2995.36
2995.88
2996.39
3000
3000.74
3007.41
3008.77
3014.94
3014.97
3016.62
3017.24
3017.54
3020.36
3025.05
3025.98
3026.43
3026.48
3027.79
3032.7
3032.71
3033.28
3041.44
3043.5
3049.91
3050.85
3051.31
3051.76
3052.47
3052.92
3053.47
3055.2
3055.57
3055.63
3055.81
3056.68
3057.02
3057.68
3062.05
3066.95
3067.29
3068.08
3068.5
3069.11
3069.18
3069.79
3075.33
3075.51
3075.65
3085.84
3086.21
3089.43
3092.07
3098.76
3104.67
3107.13
3108.23
3108.58
3110.95
3114.63
3116.06
3117.49
3118.03
3118.6
3119.77
3120.64
3121.28
3128.79
3130.01
3130.12
3132.62
3146.56
3148.12
3148.77
3149.76
3151.87
3152.31
3153.88
3154.04
3154.36
3155.85
3156.48
3156.76
3158.65
3158.74
3159.18
3160.33
3160.57
3160.69
3167.97
3169.76
3175.4
3175.61
3176.68
3176.91
3179.21
3179.71
3180.37
3180.38
3181.85
3186.38
3187.41
3187.8
3187.89
3187.9
3188.05
3188.19
3192.09
3192.15
3192.29
3195.68
3198.97
3199.42
3199.67
3214.2
3214.23
3215.62
3220.09
3220.41
3224.49
3226.63
3226.93
3227.6
3236.52
3237.12
3238.37
3241.33
3243.55
3243.87
3244.76
3249.46
3249.65
3254.74
3255.22
3256.05
3256.31
3258.99
3263.61
3264.53
3264.8
3264.88
3268.33
3268.42
3271.86
3278.13
3284.49
3284.73
3287.64
3298.88
3302.55
3303.07
3303.44
3303.45
3304.53
3307.94
3307.95
3308.6
3308.76
3314.15
3314.78
3316.97
3317.36
3318.58
3318.62
3319.04
3319.36
3321.47
3321.79
3322.79
3326.42
3327.05
3327.71
3327.79
3327.85
3328.32
3329.73
3333.1
3333.24
3333.31
3336.13
3337.87
3340.02
3348.11
3349.08
3352.92
3356.61
3376.59
3377.09
3380.46
3395.63
3395.91
3396.81
3397.47
3398.27
3400.34
3400.6
3400.75
3401.15
3404.82
3404.94
3405.66
3406.06
3406.5
3406.66
3407.59
3410.21
3416.01
3416.07
3417.48
3418.22
3426.2
3427.47
3430.03
3437.47
3437.96
3438.13
3438.34
3438.59
3439.43
3439.63
3443.57
3445.05
3448.08
3451
3454.12
3458.2
3462.77
3464.01
3464.62
3464.82
3465.05
3465.84
3470.54
3470.76
3470.82
3482.47
3483.51
3485.43
3491.27
3492.4
3492.47
3494.57
3495
3495.68
3496.81
3498.86
3499.48
3500.82
3501.08
3506.54
3509.41
3514.32
3519.91
3520.32
3528.83
3529.33
3530.34
3530.39
3531.96
3532.31
3532.41
3532.7
3533.86
3534.58
3536.02
3538.6
3539.5
3543.75
3544.76
3546.42
3546.5
3546.56
3546.65
3547.69
3548.82
3549.39
3550.68
3553.99
3555.53
3559.62
3560.58
3560.81
3561.09
3562.55
3564.8
3572.06
3572.27
3573.55
3579.69
3583.37
3584.15
3589.59
3590.16
3591.96
3594.55
3594.69
3600.08
3600.64
3609.85
3611.07
3611.6
3611.62
3619.57
3622.94
3623.26
3623.79
3624.49
3625.44
3626.69
3631.34
3631.43
3636.96
3641.29
3641.41
3646.16
3646.18
3646.19
3646.41
3647.75
3647.77
3648.59
3648.96
3649.56
3650.67
3652.4
3654.28
3654.57
3654.74
3660.73
3661.29
3662.61
3663.31
3663.35
3663.46
3668.26
3668.31
3668.6
3668.83
3669.21
3669.57
3670.7
3670.91
3674.49
3674.96
3676.69
3685.58
3685.74
3686.21
3689.55
3689.84
3692.52
3695.77
3695.78
3697.7
3700.7
3701.32
3701.9
3702.96
3707.65
3707.98
3708.69
3710.83
3724.09
3724.98
3725.89
3726.1
3726.86
3728.81
3729.15
3731.12
3731.13
3731.57
3732.06
3732.14
3734.23
3744.87
3745.44
3745.48
3746.75
3747.13
3747.43
3749.76
3749.95
3760.66
3764.5
3764.98
3768.79
3768.9
3769.14
3769.18
3770.14
3771.24
3774.33
3774.75
3781.7
3782.83
3785.19
3785.27
3785.75
3785.92
3785.97
3786.25
3786.36
3786.82
3787.15
3789.32
3789.79
3791.73
3792.18
3794.55
3802.36
3807.57
3807.63
3808.52
3808.52
3808.77
3809.25
3809.32
3809.42
3809.98
3810.04
3811.66
3813.64
3813.65
3815.46
3817.1
3822.15
3822.21
3823.32
3824.06
3828.23
3842.82
3842.95
3843.43
3844.01
3852.69
3853.07
3853.47
3855.2
3857
3857.15
3857.58
3862.59
3862.99
3864.39
3865.36
3867.88
3871.97
3872.49
3877.12
3878.36
3881.17
3881.21
3881.33
3881.62
3881.9
3881.93
3882.47
3884.35
3884.59
3891.48
3891.69
3897.23
3899.19
3899.25
3899.45
3899.88
3900.46
3902.09
3909.68
3913.69
3914.29
3915.83
3916.37
3917.81
3919.1
3921.12
3924.57
3926.11
3928.2
3934.72
3935.88
3945.65
3945.74
3952.47
3954.38
3954.55
3955.66
3956.25
3956.54
3958.44
3964.62
3965.34
3966.5
3969
3969.17
3969.21
3971.68
3978.73
3979.32
3980.98
3982.26
3987.83
3988.06
3988.22
3990.18
3990.43
3990.62
4000.8
4001.87
4002.16
4003.48
4005.47
4005.9
4014.93
4016.03
4018.5
4018.86
4021.8
4025.17
4025.66
4025.88
4028.48
4030.66
4030.72
4031.48
4031.55
4034.28
4035.04
4036.97
4039.37
4039.59
4039.84
4040.37
4040.4
4043.04
4056.28
4057.92
4058.4
4064.5
4065.01
4065.06
4065.3
4065.77
4066.89
4069.16
4071.66
4071.8
4073.1
4080.27
4082.14
4086.58
4086.94
4087.28
4091.75
4092.27
4092.48
4092.94
4092.98
4094.52
4098.36
4098.96
4099.56
4100.24
4107.55
4112.16
4112.21
4115.37
4115.63
4122.71
4122.81
4123.42
4124.51
4125.19
4126.46
4127.08
4127.37
4127.7
4128.02
4128.31
4128.38
4129.16
4130.11
4131.76
4131.85
4132.22
4132.38
4132.39
4132.61
4134.04
4134.1
4135.67
4136.51
4136.63
4143.33
4144.36
4144.43
4145.06
4145.7
4146.44
4146.48
4146.94
4155.51
4165.41
4165.6
4167.1
4174.99
4175.43
4175.48
4176.48
4176.51
4177.67
4177.96
4180.17
4180.32
4180.74
4180.81
4180.98
4181.71
4182.04
4182.94
4183.39
4184.51
4187.45
4187.46
4189.55
4189.83
4190.31
4190.78
4190.88
4191.98
4193.9
4194.7
4196.33
4200.22
4212.46
4214.44
4214.5
4219.67
4221.33
4231.6
4232.3
4233.69
4233.76
4239.08
4240.15
4245.96
4248.42
4251.99
4282.7
4283.12
4283.45
4283.72
4283.99
4284.16
4284.55
4285.2
4286.13
4286.84
4286.96
4287.33
4288.51
4288.7
4289.1
4290.9
4291.45
4291.52
4293.78
4306.18
4306.26
4306.41
4307.09
4316.87
4318.68
4319.21
4322.14
4322.47
4322.62
4322.77
4322.88
4323.3
4324.26
4324.91
4324.98
4325.18
4325.3
4325.62
4326.09
4327.01
4327.89
4328.22
4328.7
4329.75
4330.29
4331.66
4333.07
4333.6
4334.9
4337.72
4339.29
4341.3
4347.36
4347.49
4347.74
4347.97
4348.31
4349.92
4349.94
4351.29
4354.56
4354.71
4355.1
4358.75
4358.98
4360.22
4360.43
4363.84
4388.94
4389.77
4390.94
4392.15
4393.24
4396.26
4397.86
4398.93
4405.1
4405.34
4421.71
4426.38
4426.59
4431.6
4433.77
4434.41
4434.48
4434.68
4435.38
4435.88
4438.91
4441.02
4441.56
4441.85
4442.41
4457.17
4457.97
4466.07
4466.53
4467.23
4469.45
4471.3
4471.38
4471.5
4473.34
4474.33
4475.6
4475.84
4476.35
4476.47
4476.65
4478.45
4481.42
4490.92
4491.72
4497
4497.86
4497.87
4498.88
4507
4513.88
4515.08
4515.74
4516
4525.96
4526.29
4527.2
4528.59
4528.72
4536.61
4539.87
4539.9
4542.41
4545.02
4545.32
4548.54
4548.79
4548.95
4551.93
4552.69
4553.16
4553.49
4553.93
4554.05
4554.13
4555.64
4557.44
4561.56
4562.15
4562.46
4562.81
4564.07
4565.19
4570.73
4573.7
4578.88
4579.92
4580.34
4589.07
4589.23
4589.48
4589.55
4589.91
4592.54
4592.56
4592.59
4595.95
4597.04
4599.44
4599.65
4599.97
4600.32
4601.57
4602.92
4608.21
4608.43
4609.27
4609.44
4610.96
4611.34
4611.67
4614.87
4617.09
4620.18
4620.7
4622.01
4627.24
4628.72
4628.9
4629.29
4629.88
4630.09
4633.13
4633.22
4633.25
4633.76
4634.12
4634.61
4636.22
4636.76
4637.59
4638.09
4638.64
4639.08
4639.34
4644.58
4647.08
4647.39
4647.75
4651.71
4651.83
4654.07
4655.33
4656.25
4656.94
4657.11
4657.13
4657.14
4657.25
4657.71
4658.04
4668.96
4669.4
4669.48
4669.59
4669.89
4670.04
4671.16
4671.51
4671.78
4672.31
4674.82
4675.41
4675.64
4675.95
4675.99
4676.33
4678.31
4679.23
4680.04
4680.29
4680.53
4685.32
4685.62
4687.42
4690.97
4694.09
4694.99
4695.24
4695.62
4696.08
4700.95
4702.1
4702.79
4704.59
4705.99
4714.23
4716.17
4718.72
4719.74
4720.13
4720.72
4724.77
4732.5
4732.52
4733.5
4746.24
4754.76
4761.19
4764.31
4764.86
4764.9
4768.05
4774.12
4775.25
4776.82
4781.17
4784.34
4788.19
4799.64
4802.86
4803.38
4811.93
4818.6
4821.75
4821.97
4822.53
4823.21
4823.39
4823.47
4823.71
4823.96
4838.54
4846.68
4853.02
4853.82
4854.4
4854.46
4857.17
4862.63
4863.02
4863.17
4865.82
4871.79
4872.46
4895.11
4896.52
4899.2
4904.08
4904.86
4905.23
4905.24
4905.68
4906.21
4906.65
4911.34
4911.96
4912.14
4912.31
4912.46
4913.95
4917.79
4918.37
4922.64
4924.04
4926.13
4928.27
4929.36
4929.74
4930.21
4931.53
4932.25
4932.93
4933.45
4934.45
4939.73
4940.24
4954.02
4955.87
4960.37
4962.63
4964.94
4965.56
4967.64
4969.99
4969.99
4970.51
4970.9
4971.62
4971.76
4972.28
4973.67
4974.34
4975.11
4979.46
4979.87
4979.96
4979.99
4980.5
4980.55
4981.33
4981.88
4982.05
4982.7
4982.75
4983.41
4983.85
4984.04
4985.51
4989.19
4991.18
4997.18
5006.59
5017.1
5019.74
5022.6
5024.56
5024.94
5034.03
5039.93
5043.46
5048.52
5049.01
5049.83
5050.75
5053.61
5053.79
5054.62
5055.56
5055.84
5069.88
5071.22
5074.61
5077.56
5079.76
5079.99
5080.54
5081.43
5081.5
5082.26
5082.51
5082.8
5083.01
5083.99
5084
5084.06
5084.08
5086.03
5086.11
5086.69
5086.86
5087.05
5089.02
5089.14
5089.24
5090.27
5091.63
5091.69
5091.96
5092.51
5092.56
5092.57
5093.49
5094.99
5095.02
5095.27
5097.76
5098.31
5098.36
5098.85
5104.28
5105.66
5106.61
5106.84
5107.53
5111.47
5122.15
5122.41
5122.6
5124.17
5124.19
5124.78
5125.53
5126.12
5127.49
5128.88
5129.76
5130.89
5134.21
5135.55
5135.83
5136.29
5136.65
5144.75
5145.06
5145.93
5146.55
5146.85
5147.81
5147.84
5148.3
5152.44
5152.88
5162.63
5165.63
5167.89
5168.72
5175.47
5175.62
5175.63
5176.25
5177.34
5184.93
5194
5194.72
5196.99
5198.2
5198.33
5201.69
5208.15
5208.66
5208.87
5209
5215.17
5215.5
5215.86
5216.74
5216.95
5217.07
5217.22
5217.36
5217.6
5218.34
5218.69
5219.31
5220.54
5221.27
5223.84
5231.84
5235.42
5235.51
5235.7
5237.12
5239.68
5243.65
5254.33
5255.01
5255.4
5255.75
5255.86
5257.85
5257.85
5259.66
5261.96
5262.45
5265.83
5267.39
5271.12
5275.51
5275.55
5276.19
5276.55
5281.83
5282.19
5283.07
5283.93
5289.47
5291.16
5291.69
5294.34
5299.01
5303.92
5304.27
5305.32
5309.97
5313.05
5316.4
5321.34
5321.39
5321.54
5322.63
5322.82
5323.59
5324.19
5324.74
5326.17
5326.24
5326.81
5326.97
5327.78
5331.15
5331.29
5331.3
5333.74
5334.19
5348.77
5348.77
5349.25
5353.8
5353.97
5354.85
5354.94
5355.84
5356.78
5357.5
5357.68
5358.09
5359.11
5359.2
5359.59
5359.73
5360.71
5360.73
5361.37
5361.77
5363.66
5365.67
5366.38
5366.5
5367.07
5374.17
5374.51
5378.21
5378.88
5378.88
5379.33
5379.53
5383.71
5384.84
5385.25
5385.76
5386.5
5386.65
5389.69
5390.68
5391.44
5402.22
5402.8
5403.23
5403.24
5407.24
5407.89
5407.9
5409.34
5409.53
5409.59
5409.7
5410.33
5410.79
5410.99
5411.77
5413.52
5414.28
5414.56
5415.55
5422.96
5426.38
5428.55
5428.72
5428.74
5431.87
5438.26
5440.51
5441.08
5444.2
5444.54
5444.56
5445.11
5447.37
5450.8
5451.31
5451.92
5452.16
5458.31
5459.11
5459.27
5459.29
5460.4
5460.86
5460.86
5462.2
5462.62
5463.67
5463.98
5465.4
5465.56
5465.7
5465.97
5467.15
5470.09
5471.45
5473.31
5474.09
5478.22
5478.54
5479.06
5487.54
5488.7
5489.13
5496.73
5497.88
5498.04
5507.8
5508.08
5508.33
5508.98
5509.8
5511.64
5511.79
5520.82
5521.02
5523.38
5523.47
5524.04
5524.58
5524.85
5527.71
5528.2
5528.24
5529.04
5529.61
5529.73
5530.03
5532.37
5532.41
5532.47
5532.99
5534.57
5535.06
5535.09
5538.09
5538.9
5539.36
5541.13
5542.3
5542.31
5544.32
5546.73
5555.7
5556.01
5556.17
5557.12
5557.13
5557.37
5557.8
5558.44
5559.7
5560.16
5560.92
5561.16
5561.24
5562.66
5567.53
5567.65
5571.36
5571.6
5572.48
5572.85
5584.33
5584.58
5584.68
5585.26
5585.76
5589
5589.87
5589.93
5590.23
5593.2
5593.78
5593.92
5594.6
5599.41
5602.61
5605.77
5605.88
5605.93
5606.28
5607.61
5609.85
5610.11
5616.45
5620.42
5631.73
5631.79
5634.27
5634.98
5635.53
5636.59
5638.84
5643.58
5644.64
5647.67
5654.93
5655.18
5684.32
5688.02
5688.1
5688.94
5689.52
5689.56
5691.18
5691.27
5692.22
5692.3
5692.88
5693.37
5694.65
5695.02
5695.18
5695.92
5697.34
5697.53
5700.63
5703.41
5710.78
5712.13
5712.72
5715.02
5722.28
5722.31
5727.01
5731.76
5734.38
5734.71
5736.23
5738.77
5740.05
5742.49
5743.81
5748.48
5748.7
5749.03
5749.28
5753.02
5756.73
5757.01
5757.23
5763.99
5764.27
5775.39
5775.76
5781.68
5782.24
5782.51
5790.19
5801.93
5802.41
5804.77
5805.1
5806.28
5806.45
5806.52
5812.46
5812.52
5812.7
5813.74
5814.61
5814.85
5815.05
5815.58
5815.72
5819.9
5832.12
5834.12
5834.5
5834.89
5835.71
5838.15
5844.58
5844.76
5844.94
5845.52
5848.73
5848.73
5849.28
5851.4
5851.77
5851.85
5852.94
5852.97
5869.79
5877.91
5878.42
5878.49
5883.37
5883.68
5884.28
5890.58
5890.75
5891.07
5891.23
5891.87
5892.65
5893.67
5894.36
5905.02
5909.86
5926.76
5931.87
5932.41
5932.55
5932.73
5933.1
5933.77
5939.75
5940.49
5945.97
5949.5
5950.71
5951.39
5951.62
5955.38
5955.68
5956.43
5956.96
5957.18
5957.86
5959.39
5959.76
5960.81
5964.65
5967.78
5968.48
5969.68
5970
5972.19
5972.72
5974.06
5974.94
5986.74
5988.49
5988.93
5990.44
5990.74
5995.85
5996.5
6003.5
6008.37
6008.66
6018.86
6028.17
6028.44
6029.26
6029.92
6031.6
6032.27
6032.31
6032.33
6032.87
6034.36
6035.09
6039.55
6044.23
6044.5
6050.6
6051.01
6054.17
6054.34
6055.1
6056.96
6057.14
6058.4
6058.54
6061.13
6066.29
6068.95
6069.74
6070.09
6070.1
6071.35
6073.51
6078.77
6079.13
6093.15
6093.21
6093.5
6093.9
6094.44
6096.06
6096.07
6096.74
6099.91
6101.44
6105.98
6107.64
6110.28
6110.57
6110.95
6110.97
6111.82
6112.75
6113.04
6113.46
6120.49
6121.48
6124.97
6126.75
6127.08
6138.41
6138.86
6139.11
6148.66
6148.74
6149.47
6149.72
6160.71
6163.81
6164.18
6164.24
6164.94
6165.76
6167.07
6167.7
6168.19
6176.87
6177.12
6177.57
6180.31
6180.64
6180.88
6181.27
6181.99
6185.69
6186.15
6190.95
6191.1
6191.41
6192.13
6192.3
6193.03
6193.14
6200.1
6200.71
6200.95
6203.99
6204.21
6205.5
6209.4
6213.39
6216.15
6217.07
6217.75
6218.51
6219.14
6219.15
6220.66
6221.09
6221.51
6222.05
6222.84
6223.33
6228.9
6233.44
6234.17
6235.26
6235.28
6236.05
6236.68
6238.03
6238.53
6239.17
6239.49
6239.5
6240.41
6246.01
6249.96
6250.92
6252.09
6252.4
6254.61
6254.7
6255.06
6255.66
6256.24
6256.48
6256.57
6256.76
6257.23
6258.42
6261.33
6262.27
6263.88
6264.23
6265.26
6266.1
6266.15
6266.79
6268.33
6268.52
6269.02
6269.82
6272.66
6272.77
6272.96
6274.03
6274.08
6274.41
6274.66
6274.89
6274.96
6275.05
6275.82
6275.84
6276.16
6277.03
6278.57
6278.77
6279.15
6279.52
6280.43
6280.83
6281.29
6281.69
6282.05
6282.59
6283.67
6284.86
6290.64
6294.92
6294.99
6295.04
6295.23
6295.27
6296.44
6297.58
6298.01
6306.56
6306.7
6306.82
6307.18
6307.75
6308.73
6312.12
6315.59
6318.26
6318.44
6318.68
6318.91
6319.74
6320.18
6320.26
6321.02
6321.53
6321.91
6323.48
6327.92
6328.6
6329.12
6329.86
6330.27
6331.74
6332.1
6335.61
6335.63
6335.96
6336
6337.02
6339.58
6339.85
6342.33
6342.81
6343.04
6345.49
6346.84
6346.91
6347.51
6362.68
6363.03
6363.26
6371.93
6372.66
6379.93
6380.65
6381.38
6387.3
6387.92
6388.9
6392.56
6395.17
6397.68
6398.02
6400.09
6401.85
6401.97
6401.99
6403.07
6403.13
6404.38
6404.83
6405.05
6405.27
6405.33
6405.7
6405.91
6408.85
6411.73
6411.78
6424.32
6425.23
6425.26
6429.49
6433.76
6434.18
6442.65
6442.65
6443
6445.66
6446.24
6447.26
6447.67
6448.05
6448.34
6449
6450.32
6452.54
6454.39
6461.75
6467.22
6469.89
6470.16
6472.78
6473.09
6473.35
6473.6
6475.3
6478.06
6478.64
6483.88
6485.22
6486.08
6487.68
6487.93
6491.62
6491.98
6492.5
6492.73
6497.51
6509.12
6509.3
6521.61
6522.43
6523.83
6524.51
6525.15
6525.49
6525.5
6526.05
6526.68
6526.84
6528.25
6528.78
6529.58
6530.27
6530.48
6531.47
6532.19
6532.54
6533.44
6535.69
6548.61
6548.78
6550.77
6551
6551.22
6551.51
6551.83
6551.86
6551.94
6551.97
6553.31
6553.75
6554.8
6555.23
6562.3
6568.76
6569.58
6569.93
6580.31
6580.68
6580.71
6581.37
6581.51
6582.96
6583.17
6583.38
6585.2
6595.65
6595.71
6597.63
6598.21
6601.04
6608.83
6609.42
6612.46
6612.48
6614.19
6616.76
6616.84
6625.45
6625.78
6626.13
6639.38
6647.41
6653.73
6654.22
6654.75
6654.9
6659.87
6663.99
6665.86
6665.92
6674.81
6675.6
6676.31
6676.92
6679.01
6679.75
6682.59
6688.57
6698.82
6699.2
6700.17
6700.43
6700.47
6701.37
6703.43
6704.26
6708.06
6708.38
6716.47
6717
6718.74
6718.89
6719.03
6719.97
6723.42
6724.47
6725.15
6725.7
6728.02
6731.67
6740.3
6741.48
6741.73
6743.12
6743.28
6743.77
6744.02
6744.23
6744.9
6746.74
6751.39
6752.45
6752.96
6753.54
6754.9
6755.03
6760.26
6760.59
6761.18
6762.25
6762.43
6765.66
6765.9
6769.26
6772.95
6773.34
6773.56
6774.48
6775.16
6779.05
6779.15
6781.72
6781.84
6782.01
6784.36
6784.65
6784.87
6785.3
6785.62
6786.21
6786.22
6786.46
6787.11
6787.18
6788.89
6790.35
6790.5
6792.08
6793.81
6794.17
6794.28
6794.68
6794.87
6796.56
6798.59
6803.32
6803.69
6803.87
6804.71
6807.73
6807.73
6807.78
6808.03
6811.91
6813.25
6814.61
6815.36
6815.65
6815.68
6815.71
6816.32
6816.57
6819.2
6825.74
6827.63
6834.3
6838.39
6838.89
6839.23
6841.92
6842.57
6843.01
6843.21
6852.19
6852.78
6855.92
6856.01
6856.81
6865.5
6866.37
6866.76
6867.07
6867.23
6867.41
6868.99
6869.33
6869.89
6870.68
6878.55
6879.2
6879.34
6883.42
6888.06
6888.51
6892.88
6899.3
6901.65
6910.63
6910.9
6911.97
6912.4
6912.5
6912.97
6913.37
6915.52
6916.68
6918.09
6919.83
6920.4
6920.74
6920.75
6920.83
6921.79
6929.63
6929.91
6931.66
6932.86
6932.99
6933.38
6933.5
6934.52
6936.66
6937.49
6937.8
6939.13
6939.6
6940.51
6941.57
6942.73
6943.35
6943.38
6943.6
6943.62
6944.33
6944.47
6944.56
6945.83
6945.99
6946.56
6950.09
6954.81
6957.96
6958.44
6958.57
6958.95
6959.27
6960.14
6960.54
6966.15
6970.07
6975.82
6976.62
6986.18
6986.62
6986.81
6986.88
6987
6995.31
6999.04
6999.99
7000.01
7000.19
7000.55
7001.01
7001.4
7004.25
7011.98
7013.86
7015.11
7016.54
7024.34
7032.36
7032.43
7033.12
7033.78
7036.12
7036.19
7036.58
7036.85
7036.88
7047.55
7052.41
7054.63
7055.46
7061.12
7061.73
7061.78
7061.81
7065.51
7078.01
7080.05
7080.26
7080.43
7080.9
7081.23
7081.87
7083.31
7083.71
7095.02
7095.37
7096.05
7096.25
7102.17
7102.52
7102.86
7104.16
7105.89
7106.24
7106.72
7120.33
7122.13
7122.45
7128.48
7132.42
7132.55
7134.11
7138.99
7139.25
7139.62
7148.01
7150.38
7151.17
7153.16
7153.17
7154.99
7155.84
7158.34
7165.65
7166.45
7166.92
7167.08
7167.66
7168.26
7168.56
7168.89
7168.91
7175.27
7182.11
7182.29
7191.86
7206.07
7211.25
7212.58
7227.23
7227.46
7227.81
7229.55
7235.69
7238.05
7238.49
7239.11
7241.04
7241.3
7250.08
7250.24
7250.79
7251.18
7253.21
7257.77
7260.94
7262.13
7262.54
7262.86
7265.51
7269.74
7271
7271.2
7272.13
7275.54
7283.7
7284.18
7298.84
7302.83
7303.01
7304.6
7305.4
7305.88
7309.55
7314.38
7314.45
7314.6
7314.8
7314.8
7315.5
7316.26
7322.69
7328.27
7330.15
7330.49
7330.91
7330.92
7331.29
7332.38
7332.44
7332.69
7334.46
7334.7
7335.28
7335.64
7336.49
7336.69
7351.45
7363.14
7365.1
7365.96
7366.45
7370.03
7371.47
7371.78
7379.72
7379.8
7397.6
7397.89
7398.49
7399.53
7399.71
7399.86
7400.29
7400.54
7401.34
7401.57
7408.42
7408.43
7409.3
7409.88
7409.98
7410.3
7410.34
7410.63
7412.58
7412.69
7413.22
7413.71
7414.85
7416.61
7417.12
7417.87
7417.93
7418.61
7418.7
7420.15
7427.87
7438.93
7439.61
7440.08
7440.88
7444.41
7446.27
7446.39
7447.95
7447.98
7449.15
7450.18
7450.39
7453
7453.46
7453.74
7456.97
7457.75
7457.94
7458.78
7463.09
7463.52
7463.59
7464.2
7464.77
7466.59
7467.61
7467.7
7473.27
7481.48
7484.91
7485.42
7485.84
7485.88
7486.54
7487.6
7487.97
7488.72
7491.35
7491.85
7493.38
7493.6
7496.45
7496.8
7497.4
7498.83
7499.85
7505.05
7507.68
7516.97
7517.5
7518.82
7522.56
7524.95
7534.86
7536.42
7536.59
7537.41
7538.44
7539.28
7551.7
7551.73
7554.22
7554.25
7561.61
7562.3
7563.91
7573.28
7576.79
7582.06
7585.46
7589.15
7601.97
7605.91
7606.09
7610.3
7611.32
7613.84
7614.39
7614.85
7620.19
7620.74
7624.75
7625.4
7643.02
7643.77
7644.49
7645.24
7646.26
7646.36
7653.4
7655.26
7656.19
7656.81
7657.41
7657.75
7670.44
7670.47
7675.41
7685
7686.32
7686.61
7688.05
7696.54
7697.62
7707.47
7707.92
7708.74
7709.29
7710.75
7710.8
7711.81
7712.56
7725.56
7732.78
7733.13
7733.32
7733.45
7734.11
7737.47
7737.54
7739.27
7740.56
7741.19
7741.45
7742.3
7743.53
7752.45
7753.36
7754.95
7756.91
7757.04
7758.8
7760.97
7773.69
7774.03
7774.05
7775.81
7782.18
7782.84
7786.01
7787.23
7788.13
7789.47
7789.61
7790.12
7790.51
7790.83
7791.32
7794.31
7795.74
7796.26
7797.59
7801.75
7801.75
7801.82
7803.04
7812.81
7815.68
7815.94
7820.04
7832.58
7833.01
7833.7
7840.7
7851.91
7852.87
7869.15
7869.69
7870.69
7877.34
7877.8
7878.01
7878.42
7879.39
7879.98
7880.69
7881.58
7881.76
7883.84
7885.62
7885.8
7888.4
7889.01
7889.78
7890.72
7890.93
7892.51
7900.03
7911.51
7917.83
7918.09
7918.45
7938.75
7939.15
7939.86
7941.14
7942.07
7947.57
7950.38
7952.56
7953.11
7953.11
7953.82
7954.06
7954.2
7954.23
7957.38
7962.58
7962.65
7963.37
7964.92
7965.23
7965.88
7965.94
7968.25
7968.48
7969.61
7970.32
7970.4
7971.51
7974.15
7974.48
7975.28
7976.83
7978.05
7978.93
7979.47
7979.73
7979.82
7983.05
7983.42
7983.99
7984.14
7984.55
7987.17
7987.38
7987.73
7988.21
7988.3
7990.42
8001.23
8001.54
8002.73
8003.88
8003.88
8003.93
8003.95
8005.14
8005.72
8006.93
8014.02
8014.32
8015.14
8016.93
8020.75
8022.91
8023.73
8028.79
8029.27
8031.37
8031.38
8031.52
8032.42
8032.97
8041.7
8042.35
8044.6
8045.15
8054.77
8054.88
8067.27
8067.46
8069.07
8072.41
8073.82
8078.14
8082.67
8083.17
8083.54
8089.34
8093.39
8093.78
8095.65
8096.09
8096.26
8096.95
8104.1
8109.22
8114.25
8117.04
8117.05
8117.52
8121.93
8122.08
8125.67
8126.02
8126.97
8127.48
8127.5
8128.08
8128.39
8129.14
8129.2
8129.95
8130.59
8130.69
8130.92
8131.53
8133
8133.92
8137.32
8137.55
8137.59
8138.3
8138.44
8138.48
8139.96
8141.01
8141.12
8141.81
8142.93
8145.66
8148
8159.84
8159.89
8160.29
8161.3
8163.27
8165.49
8165.68
8166.65
8174.22
8174.41
8182.39
8183.42
8184.37
8184.67
8192.15
8197.39
8200.24
8205.34
8205.45
8205.74
8208.44
8211.37
8212.53
8212.54
8213.55
8220.64
8220.71
8221.71
8226.47
8229.83
8234.05
8235.03
8236.51
8237.06
8237.07
8237.62
8241.46
8245.3
8247.27
8248.15
8249.08
8249.44
8250.37
8256.14
8256.41
8256.62
8256.81
8256.85
8258.26
8258.52
8258.78
8260.18
8261.82
8262.7
8262.81
8263.07
8264.12
8267.48
8269.09
8269.42
8269.5
8269.71
8270.29
8279.59
8279.69
8280.54
8280.7
8280.9
8281.4
8281.6
8281.83
8284.22
8284.28
8285.3
8291.03
8291.21
8291.38
8291.52
8292.02
8292.34
8292.39
8293.26
8295.52
8295.58
8295.73
8299.88
8304.49
8304.62
8304.75
8304.84
8304.93
8305.34
8307.31
8310.03
8312.98
8313.81
8314.18
8316.5
8317.49
8319.33
8326.98
8327.49
8329.1
8329.19
8334.67
8334.75
8335.11
8335.47
8335.91
8336.34
8336.69
8337.75
8339.41
8347.18
8350.72
8364.48
8368.82
8369.04
8369.08
8369.95
8371.14
8371.85
8372.47
8373.1
8377.24
8377.76
8394.84
8394.85
8394.94
8395.94
8397.55
8398.22
8414.68
8417.48
8424.5
8429.72
8429.79
8433.47
8433.56
8434.23
8435.01
8435.07
8445.43
8445.92
8446.02
8448.32
8465.32
8476.12
8476.58
8482.47
8483.08
8483.63
8483.7
8484.31
8484.5
8485
8493.43
8493.78
8493.99
8496.48
8499.11
8503.5
8503.56
8503.71
8504.01
8509.66
8509.89
8510.1
8510.17
8516.33
8516.66
8517.55
8518.16
8519.67
8521.79
8522.54
8533.59
8535.21
8535.76
8536.14
8536.41
8536.89
8537.39
8543.15
8543.79
8543.81
8544.21
8545.08
8546.53
8547.84
8547.9
8549.55
8550
8550.56
8550.67
8551.5
8551.96
8552.43
8553.71
8563.34
8567.98
8568.17
8568.88
8570.62
8570.68
8571.1
8580.2
8587.85
8588.31
8588.59
8589.17
8589.6
8590.3
8590.39
8591.11
8593.64
8593.91
8594.3
8595.72
8596.21
8596.45
8598.08
8598.45
8598.94
8605.74
8611.26
8615.17
8615.31
8617.75
8617.76
8617.97
8620.1
8624.17
8625.42
8627.03
8627.28
8633.24
8636.77
8644.07
8644.1
8644.8
8645.1
8646.09
8647.86
8648.11
8649.54
8649.67
8649.78
8650.37
8651.8
8652
8652.34
8654.42
8656.33
8656.57
8664.05
8666.7
8667.5
8669.71
8669.77
8669.81
8669.82
8670.1
8673.3
8675.05
8676.14
8676.7
8676.7
8676.82
8677.13
8678.89
8682.87
8683.75
8684.04
8684.35
8690.09
8690.52
8695.7
8695.89
8695.97
8702.98
8713.29
8713.49
8714.23
8716.34
8720.63
8725.57
8728.62
8729.67
8730.08
8736.52
8736.82
8739.1
8739.16
8739.41
8739.43
8739.82
8740.07
8741.16
8741.58
8741.84
8742.19
8742.56
8742.81
8743.92
8743.98
8746.06
8748.8
8750.89
8751.1
8752.93
8757.91
8758.05
8760.1
8765.12
8765.92
8781.34
8781.35
8781.81
8782.06
8782.95
8783.23
8783.55
8784
8784.72
8785.2
8786.97
8792.42
8796.27
8803.12
8803.42
8804.14
8805.67
8805.93
8806.26
8806.54
8807.45
8808.04
8808.27
8810.1
8810.53
8811.72
8812.12
8812.39
8812.45
8815.23
8820.37
8820.4
8829.75
8830.01
8830.47
8830.99
8832.22
8832.24
8832.43
8835.68
8837.47
8837.66
8840.28
8848.8
8852.06
8857.84
8859.26
8859.95
8860.21
8860.58
8861.52
8863.5
8865.73
8866.95
8867.12
8867.62
8870.42
8870.61
8878.9
8880.44
8880.74
8881.51
8881.94
8882.44
8882.84
8883.11
8883.44
8884.97
8885.39
8886.24
8892.52
8893.08
8900.33
8904.32
8904.33
8904.75
8905.97
8906.13
8907.05
8908.73
8909.01
8909.43
8909.63
8910.26
8911.41
8911.72
8916.65
8916.99
8917.62
8929.05
8929.2
8929.57
8929.84
8931.04
8940.56
8940.62
8940.82
8942.39
8942.62
8942.87
8943.48
8944.76
8951.56
8951.66
8957.49
8957.96
8958.38
8964.33
8964.68
8973.06
8973.16
8973.51
8975.87
8976.99
8980.13
8981.51
8982.35
8982.4
8982.83
8985.32
8985.95
8987.29
8989.62
8991.2
8991.51
8991.53
8991.61
8992.56
8993.21
8993.6
8993.61
8993.74
8994.5
8996.17
8997.1
8999.66
9002.02
9002.29
9002.72
9003.74
9004.47
9010.64
9010.96
9011.19
9011.67
9013.08
9013.37
9017.18
9017.73
9019.18
9023.37
9023.98
9024.07
9024.14
9025.02
9025.61
9026.96
9035.85
9035.92
9038.92
9039.6
9039.74
9040.3
9042.15
9044.36
9045.27
9045.62
9045.85
9050.65
9051.02
9055.19
9059.3
9069.28
9069.67
9070.29
9075.89
9076.11
9076.23
9083.26
9086.66
9087.81
9100.99
9103.47
9106.92
9140.72
9142.59
9151.28
9156.38
9172.63
9172.67
9173.55
9179.56
9180.48
9183.23
9183.32
9183.55
9183.76
9184.68
9186.53
9186.88
9190.52
9191.54
9192.81
9193.21
9193.72
9194.99
9197.43
9197.58
9197.8
9197.99
9198.33
9200.22
9204.33
9205.03
9205.35
9206.09
9210.9
9222.74
9223.53
9223.75
9226.3
9226.79
9227.7
9228.17
9228.6
9231.72
9232.83
9236.66
9236.77
9237.76
9239.54
9240.51
9242.72
9243.05
9243.58
9244.55
9244.68
9245.85
9248.81
9250.64
9251.37
9251.83
9252.25
9252.62
9254.17
9254.68
9254.77
9257.37
9258.41
9264.04
9266.04
9266.43
9267.37
9267.52
9268.3
9268.57
9270.69
9270.78
9271.36
9271.53
9271.9
9272.19
9273.45
9274.08
9275.78
9275.99
9276.28
9276.9
9277.6
9279.48
9279.89
9280.68
9281.45
9281.88
9282.99
9290.68
9290.74
9291.1
9291.73
9292.08
9292.37
9292.83
9301.4
9302.78
9311.41
9311.88
9313.09
9314.11
9323.92
9323.95
9324.38
9325.31
9325.38
9325.81
9327.45
9327.51
9334.28
9334.34
9341.78
9341.79
9342.79
9342.97
9345.34
9346.4
9346.74
9347.08
9353.57
9353.77
9354.17
9355.79
9356
9359.37
9364.29
9364.37
9366.82
9380.07
9380.29
9380.54
9381.14
9381.43
9381.98
9397.64
9397.75
9397.75
9406.38
9409.27
9413.16
9413.35
9413.38
9413.42
9415.04
9415.65
9416.24
9416.79
9417.89
9420.02
9422.5
9423.21
9423.61
9424.06
9424.49
9425.1
9425.17
9425.66
9433.54
9434.18
9435
9435.11
9437.66
9440.01
9440.05
9440.56
9440.68
9441.6
9441.7
9442.21
9444.16
9444.33
9444.67
9445.62
9446.39
9446.5
9448.12
9448.25
9449.71
9450.07
9450.46
9450.75
9452.08
9452.62
9454.25
9457.65
9457.67
9459.92
9460.85
9461.53
9463.53
9477.23
9478.48
9478.6
9481.67
9483.12
9485.31
9489.05
9489.28
9489.87
9490.32
9490.98
9491.14
9494.33
9495.91
9499.02
9500.52
9500.65
9513.59
9521.99
9522.27
9522.44
9522.81
9522.99
9523.72
9524.86
9526.22
9527.7
9528.03
9530.55
9530.57
9532.78
9532.92
9533.1
9535.9
9536.05
9537.33
9537.41
9537.47
9538.24
9540.18
9540.58
9541.37
9542.67
9542.67
9543.36
9543.84
9544.01
9545.05
9545.6
9545.65
9546.33
9546.92
9547.67
9548.94
9549.01
9549.48
9549.54
9550.21
9550.48
9550.63
9551.4
9551.85
9552.66
9553.9
9554.23
9554.78
9555.33
9556.9
9566.81
9567.99
9569.38
9570.4
9570.64
9584.05
9586.87
9604.62
9605.51
9605.82
9611.63
9612.08
9612.3
9615.36
9620.3
9620.48
9622.18
9625.59
9626.07
9628.05
9628.08
9629.59
9634.09
9634.24
9635.36
9646.12
9646.29
9646.66
9648.06
9652.05
9652.51
9652.92
9655.15
9656.37
9656.49
9660.35
9660.68
9662.83
9665.54
9667.48
9667.57
9668.31
9672.07
9672.11
9672.46
9673.25
9673.44
9673.58
9679.65
9679.96
9680.03
9680.11
9684.31
9684.63
9685.22
9685.28
9685.42
9685.62
9685.75
9688.26
9695.66
9702.75
9708.89
9710.63
9712.1
9712.14
9712.53
9716.58
9717.59
9718.59
9718.91
9719.13
9722.14
9723.01
9723.05
9723.22
9723.95
9724.19
9734.47
9734.54
9735.88
9736.64
9738.1
9738.39
9738.6
9739.59
9739.89
9742.2
9742.7
9743.97
9749.1
9749.21
9750.4
9750.87
9751.28
9751.45
9751.54
9757.21
9757.38
9757.44
9762
9764.63
9767.61
9767.68
9773.86
9773.99
9774
9774.22
9774.99
9775
9775.5
9787.42
9788.12
9788.69
9790.12
9792.63
9799.58
9800.97
9801.1
9801.16
9801.68
9801.69
9802.16
9803.46
9804.03
9804.88
9806.59
9810.76
9810.79
9813.15
9814.91
9817.47
9821.62
9821.96
9822.29
9823.06
9837.24
9842.11
9842.91
9852.97
9853.08
9863.38
9870.94
9872.24
9884.09
9889.48
9891.44
9896.28
9896.43
9896.65
9897.74
9897.87
9897.91
9900.02
9900.72
9901.27
9902.63
9902.84
9903.74
9907.49
9911.11
9912.35
9912.47
9913.55
9914.19
9918.41
9922.99
9924.42
9924.97
9925.29
9927.47
9928.15
9930.08
9931.36
9941.05
9944.05
9951.35
9957.69
9966.94
9969.24
9970.22
9971.65
9972.83
9973.37
9977.68
9977.91
9978.19
9982.41
9982.72
9983.56
9983.73
9984.49
9984.68
9988.44
9988.56
9989.71
9990.1
9990.33
9991.57
9991.69
9991.75
9996.08
9996.45
9996.91
9997.24
9998.16
